#Frame, Timer, HeadX, HeadY, HeadZ, HeadRX, HeadRY, HeadRZ, LHandX, LHandY, LHandZ, LHandRX, LHandRY, LHandRZ, RHandX, RHandY, RHandZ, RHandRX, RHandRY, RHandRZ, LEyeRX, LEyeRY, LEyeRZ, REyeRX, REyeRY, REyeRZ, LEyeConf, REyeConf
1 0.0844192 0.3568256 1.445426 -1.222147 54.65762 295.8757 6.927239 0.3454622 1.443126 -1.253005 54.65762 295.8757 6.927239 0.368189 1.447725 -1.191288 54.65762 295.8757 6.927239 67.4332 298.3455 -8.899029E-06 67.75564 290.4749 0 0.5 0.5
2 0.1484563 0.3576529 1.460603 -1.21453 49.3155 301.205 9.205113 0.3442141 1.457165 -1.244434 49.3155 301.205 9.205113 0.3710917 1.46404 -1.184626 49.3155 301.205 9.205113 66.15697 304.5673 4.224174E-06 66.78687 296.0396 -4.332198E-06 0.5 0.5
3 0.2428957 0.3582974 1.495269 -1.208939 30.48722 307.1701 11.02765 0.3412977 1.489835 -1.236655 30.48722 307.1701 11.02765 0.3752972 1.500703 -1.181224 30.48722 307.1701 11.02765 38.82026 317.9965 -3.287468E-06 39.98539 313.3867 -1.114284E-06 0.5 0.5
4 0.3103852 0.3606915 1.514944 -1.211254 19.88455 308.3596 6.697137 0.3413988 1.511329 -1.237737 19.88455 308.3596 6.697135 0.3799843 1.518559 -1.18477 19.88455 308.3596 6.697135 34.46541 315.8181 -2.07109E-06 35.25437 311.3952 -2.091051E-06 0.5 0.5
5 0.403256 0.3534122 1.514457 -1.205087 18.24818 311.973 4.016909 0.331958 1.512264 -1.230018 18.24818 311.973 4.016909 0.3748665 1.51665 -1.180156 18.24818 311.973 4.016909 27.10738 319.0316 9.591301E-07 27.59579 315.3549 0 0.5 0.5
6 0.4790115 0.3362173 1.514281 -1.185989 18.41029 315.6966 3.583349 0.3131268 1.512326 -1.209434 18.41029 315.6966 3.583349 0.3593079 1.516235 -1.162544 18.41029 315.6966 3.583349 26.19913 320.7995 0 26.58008 316.662 0 0.5 0.5
7 0.5826584 0.3166011 1.511015 -1.161728 18.99614 314.6611 3.46451 0.2939335 1.509131 -1.185588 18.99614 314.6611 3.46451 0.3392687 1.512898 -1.137868 18.99614 314.6611 3.46451 26.97888 321.3832 -9.580325E-07 27.29058 317.7141 0 0.5 0.5
8 0.6786246 0.2874244 1.504224 -1.119926 21.26189 308.7023 4.308987 0.2675717 1.501916 -1.146141 21.26189 308.7023 4.308987 0.307277 1.506532 -1.093711 21.26189 308.7023 4.308987 32.88745 307.1104 -1.016713E-06 32.93808 304.0158 2.03459E-06 0.5 0.5
9 0.789559 0.2561097 1.502666 -1.075482 22.36544 292.3849 1.013795 0.243763 1.502126 -1.106042 22.36544 292.3849 1.013795 0.2684563 1.503205 -1.044921 22.36544 292.3849 1.013795 36.64983 290.3723 2.128319E-06 36.55257 286.9134 0 0.5 0.5
10 0.8887017 0.2303079 1.503029 -1.027942 22.9475 284.2257 2.725768 0.2228087 1.501585 -1.06001 22.9475 284.2257 2.725768 0.2378071 1.504473 -0.9958744 22.9475 284.2257 2.725768 37.46705 285.9723 4.302735E-06 37.5208 282.1996 0 0.5 0.5
11 0.9943171 0.2103322 1.499234 -1.00537 23.16271 281.5006 4.202957 0.2047087 1.497013 -1.037775 23.16271 281.5006 4.202957 0.2159557 1.501455 -0.9729645 23.16271 281.5006 4.202957 37.51113 283.2324 0 37.67358 279.1706 -2.157341E-06 0.5 0.5
12 1.096355 0.1804283 1.495852 -0.9938207 24.91662 277.8684 3.972926 0.1768795 1.49378 -1.026528 24.91662 277.8684 3.972926 0.1839771 1.497923 -0.9611132 24.91662 277.8684 3.972926 40.79768 279.5643 2.255613E-06 40.95395 275.644 -2.260944E-06 0.5 0.5
13 1.208756 0.141187 1.491382 -0.991064 26.42576 276.5777 2.783126 0.138123 1.489948 -1.023854 26.42576 276.5777 2.783126 0.144251 1.492815 -0.9582735 26.42576 276.5777 2.783126 41.25887 278.0737 0 41.39556 274.0928 -2.276237E-06 0.5 0.5
14 1.316519 0.08015428 1.490224 -0.9960524 29.10284 277.4284 2.168939 0.07649713 1.489133 -1.028795 29.10284 277.4284 2.168939 0.08381142 1.491314 -0.9633095 29.10284 277.4284 2.168939 44.76369 278.7897 2.404938E-06 44.85833 274.6069 4.817774E-06 0.5 0.5
15 1.414749 0.028602 1.491258 -0.9901317 28.71347 284.6489 3.085383 0.02110223 1.489702 -1.022194 28.71347 284.6489 3.085383 0.03610178 1.492814 -0.9580694 28.71347 284.6489 3.085383 45.48696 284.9156 -2.435624E-06 45.68887 280.0709 0 0.5 0.5
16 1.535385 -0.01126323 1.493514 -0.9642913 27.09692 298.9944 4.612589 -0.02613406 1.491154 -0.9936162 27.09692 298.9944 4.612589 0.003607593 1.495874 -0.9349663 27.09692 298.9944 4.612589 35.59679 308.4529 -1.04998E-06 36.14774 304.7322 -1.057306E-06 0.5 0.5
17 1.637438 -0.03284336 1.499668 -0.9212589 24.6585 312.7889 5.514023 -0.05416273 1.496789 -0.9462361 24.6585 312.7889 5.514023 -0.01152399 1.502546 -0.8962817 24.6585 312.7889 5.514023 27.17365 324.6362 9.596989E-07 27.6919 321.9774 9.642156E-07 0.5 0.5
18 1.756139 -0.0366449 1.503716 -0.88401 22.2142 319.1121 6.231391 -0.06053309 1.500403 -0.9064832 22.2142 319.1121 6.231391 -0.01275671 1.507028 -0.8615369 22.2142 319.1121 6.231391 28.00872 331.153 0 28.53843 328.2274 9.718572E-07 0.5 0.5
19 1.872355 -0.0287816 1.511671 -0.8257475 17.59557 328.4221 7.253762 -0.05598142 1.507704 -0.8439435 17.59557 328.4221 7.253762 -0.001581781 1.515639 -0.8075516 17.59557 328.4221 7.253762 19.35594 340.596 -4.524609E-07 19.95835 337.3843 4.541634E-07 0.5 0.5
20 1.940608 -0.02040973 1.517303 -0.7836159 12.25667 335.6845 7.877739 -0.04977164 1.512888 -0.7979354 12.25667 335.6845 7.877739 0.008952176 1.521718 -0.7692964 12.25667 335.6845 7.877739 15.88604 347.2141 2.219189E-07 16.53121 344.063 0 0.5 0.5
21 2.04223 -0.01708104 1.525723 -0.7696471 7.338166 339.1063 7.483543 -0.04742009 1.521465 -0.7818156 7.338166 339.1063 7.483543 0.01325801 1.529981 -0.7574787 7.338166 339.1063 7.483543 5.738057 353.0201 0 6.137104 350.583 0 0.5 0.5
22 2.141908 -0.004898936 1.536097 -0.7521431 0.7971458 346.1729 5.980879 -0.03672257 1.532662 -0.7600249 0.7971458 346.1729 5.980879 0.0269247 1.539531 -0.7442613 0.7971458 346.1729 5.980879 1.468521 4.517202 -1.33446E-08 1.865302 1.674008 -5.005232E-09 0.5 0.5
23 2.257232 0.01416237 1.541804 -0.7435783 355.1921 353.9251 3.106596 -0.01858475 1.540024 -0.7469128 355.1921 353.9251 3.106596 0.0469095 1.543584 -0.7402438 355.1921 353.9251 3.106596 353.5696 7.125611 -2.684935E-08 353.6807 4.241634 -2.684352E-08 0.5 0.5
24 2.366321 0.02737116 1.545646 -0.7372769 350.1989 356.1078 2.49551 -0.005502759 1.544231 -0.7392686 350.1989 356.1078 2.49551 0.06024508 1.54706 -0.7352851 350.1989 356.1078 2.49551 343.5403 6.926004 0 343.5473 3.024786 2.781952E-08 0.5 0.5
25 2.496728 0.03132404 1.544764 -0.7279874 349.3519 353.5178 3.103892 -0.001418956 1.543009 -0.7313758 349.3519 353.5178 3.103892 0.06406704 1.546518 -0.724599 349.3519 353.5178 3.103892 343.8015 5.299339 5.556682E-08 343.8135 2.089756 -2.77817E-08 0.5 0.5
26 2.611585 0.03686875 1.544743 -0.7184845 347.6342 351.6944 4.48674 0.004270125 1.542224 -0.7226853 347.6342 351.6944 4.486741 0.06946738 1.547262 -0.7142836 347.6342 351.6944 4.486741 341.7704 2.552814 2.809026E-08 341.8833 358.6004 -4.210815E-08 0.5 0.5
27 2.768642 0.04616451 1.542842 -0.7052642 347.5289 350.2505 4.642184 0.01368506 1.540237 -0.7102603 347.5289 350.2505 4.642184 0.07864397 1.545447 -0.7002681 347.5289 350.2505 4.642184 340.716 1.618453 2.826636E-08 340.8179 357.6501 -5.649764E-08 0.5 0.5
28 2.908323 0.04481138 1.541846 -0.694198 347.7154 349.4124 5.077776 0.01242114 1.538995 -0.6996208 347.7154 349.4124 5.077776 0.07720163 1.544697 -0.6887751 347.7154 349.4124 5.077776 340.1389 2.474541 -5.673553E-08 340.2176 358.7211 -1.417686E-08 0.5 0.5
29 3.072388 0.02533056 1.548327 -0.6957971 347.6332 352.1695 3.827169 -0.007317994 1.546177 -0.6998115 347.6332 352.1695 3.827168 0.05797911 1.550476 -0.6917827 347.6332 352.1695 3.827168 340.5876 4.006585 -1.131544E-07 340.6268 359.7994 3.535225E-09 0.5 0.5
30 3.235235 0.0009601638 1.553598 -0.6959887 347.3949 353.2646 3.2967 -0.03177123 1.551748 -0.6994377 347.3949 353.2646 3.2967 0.03369156 1.555448 -0.6925397 347.3949 353.2646 3.2967 340.445 4.849158 5.662707E-08 340.4487 0.8747883 -1.415644E-08 0.5 0.5
31 3.388084 -0.002470925 1.552422 -0.6932592 347.4852 353.373 3.362309 -0.03520722 1.550534 -0.6966408 347.4852 353.373 3.362309 0.03026536 1.554309 -0.6898776 347.4852 353.373 3.362309 341.8062 9.689199 -1.123379E-07 341.7349 5.736539 1.12384E-07 0.5 0.5
32 3.55475 0.002545625 1.553159 -0.6855718 347.7639 356.4301 2.969715 -0.03033333 1.55149 -0.6872603 347.7639 356.4301 2.969716 0.03542458 1.554828 -0.6838832 347.7639 356.4301 2.969716 348.0538 16.91945 -1.090842E-07 347.998 13.75687 0 0.5 0.5
33 3.721417 -0.0003959686 1.550763 -0.6778109 349.9835 357.6988 3.225288 -0.03329473 1.548937 -0.6788101 349.9835 357.6988 3.225288 0.03250279 1.552589 -0.6768117 349.9835 357.6988 3.225288 357.1546 8.427358 -4.007004E-08 357.3454 4.469664 0 0.5 0.5
34 3.888084 -0.01235544 1.545547 -0.6708382 353.7335 357.3324 3.555484 -0.04523128 1.543515 -0.6721466 353.7335 357.3324 3.555484 0.0205204 1.547579 -0.6695299 353.7335 357.3324 3.555484 3.100693 6.334164 1.335977E-08 3.339604 2.842685 6.681453E-09 0.5 0.5
35 4.05475 -0.02078227 1.540939 -0.6669543 357.4935 356.0092 3.681766 -0.05360547 1.538824 -0.6691514 357.4935 356.0092 3.681766 0.01204093 1.543054 -0.6647571 357.4935 356.0092 3.681766 8.554222 1.881732 0 8.825423 358.1465 1.350005E-08 0.5 0.5
36 4.221417 -0.02390071 1.537431 -0.667316 359.0058 353.948 4.12873 -0.05660082 1.535058 -0.6707414 359.0058 353.948 4.12873 0.008799396 1.539804 -0.6638905 359.0058 353.948 4.12873 10.02354 357.9018 -1.354699E-08 10.30594 354.1614 0 0.5 0.5
37 4.388083 -0.04268815 1.531683 -0.6666693 1.03187 355.2143 11.99057 -0.07481077 1.524836 -0.6694824 1.03187 355.2143 11.99057 -0.01056552 1.538531 -0.6638562 1.03187 355.2143 11.99057 8.594064 0.07882117 -1.686462E-09 9.379755 356.1553 5.408397E-08 0.5 0.5
38 4.55475 -0.0892012 1.524883 -0.6596873 2.291927 356.9789 19.11143 -0.1202828 1.514099 -0.6617599 2.291927 356.9789 19.11143 -0.05811957 1.535667 -0.6576146 2.291927 356.9789 19.11143 10.50382 3.327695 2.713514E-08 11.82774 359.5456 3.407398E-09 0.5 0.5
39 4.721416 -0.1455148 1.516998 -0.6373809 3.350474 359.8286 19.78814 -0.1765307 1.505857 -0.6381259 3.350474 359.8286 19.78814 -0.1144988 1.528139 -0.6366359 3.350474 359.8286 19.78814 9.109238 5.65982 -1.080848E-07 10.40584 2.104455 -1.356329E-08 0.5 0.5
40 4.888083 -0.1628409 1.514164 -0.5573188 3.888225 1.457841 16.9711 -0.1943763 1.504564 -0.5571689 3.888225 1.457841 16.9711 -0.1313055 1.523764 -0.5574687 3.888225 1.457841 16.9711 8.583989 8.220473 -1.079307E-07 9.804802 4.395772 2.707591E-08 0.5 0.5
41 5.054749 -0.1522555 1.522964 -0.4517983 2.048633 7.206785 14.7571 -0.1839186 1.514572 -0.4480971 2.048633 7.206785 14.7571 -0.1205925 1.531355 -0.4554995 2.048633 7.206785 14.7571 7.248464 16.30331 0 8.264017 12.67283 0 0.5 0.5
42 5.221416 -0.1560582 1.524759 -0.36161 3.42944 13.75159 13.98325 -0.1872423 1.516807 -0.3544689 3.42944 13.75159 13.98324 -0.1248742 1.53271 -0.368751 3.42944 13.75159 13.98324 9.442678 18.70397 1.081876E-07 10.43511 14.80504 0 0.5 0.5
43 5.388083 -0.1964861 1.530545 -0.274352 4.240587 24.29618 12.09274 -0.2260745 1.523659 -0.261555 4.240587 24.29618 12.09274 -0.1668978 1.537432 -0.287149 4.240587 24.29618 12.09274 8.568026 29.20329 0 9.496572 25.06425 2.164092E-07 0.5 0.5
44 5.554749 -0.2397812 1.532892 -0.1958209 4.034853 35.72682 13.6933 -0.2661022 1.525108 -0.1775651 4.034853 35.72682 13.6933 -0.2134602 1.540677 -0.2140768 4.034853 35.72682 13.6933 11.70876 41.1499 -4.359583E-07 12.67883 37.24332 4.375563E-07 0.5 0.5
45 5.721416 -0.2589591 1.530289 -0.1411432 5.407749 42.90598 15.06258 -0.2828248 1.521761 -0.1200634 5.407749 42.90598 15.06258 -0.2350934 1.538818 -0.162223 5.407749 42.90598 15.06258 11.61058 48.57571 0 12.63442 44.89819 0 0.5 0.5
46 5.888082 -0.2710511 1.524552 -0.08782353 3.040862 59.5832 18.92355 -0.2873277 1.513877 -0.0612196 3.040862 59.5832 18.92355 -0.2547746 1.535228 -0.1144274 3.040862 59.5832 18.92355 13.83423 62.67691 -4.396401E-07 15.15908 58.6275 4.422765E-07 0.5 0.5
47 6.054749 -0.2725416 1.50383 -0.01377185 1.686761 70.71711 27.73879 -0.2826029 1.488494 0.01361845 1.686761 70.71711 27.73879 -0.2624804 1.519167 -0.04116214 1.686761 70.71711 27.73879 12.48794 80.45443 -4.37231E-07 14.35069 76.97673 -8.812719E-07 0.5 0.5
48 6.221415 -0.2586047 1.489093 0.02314505 2.817978 74.71692 30.0181 -0.2669104 1.472622 0.05046487 2.817977 74.71692 30.0181 -0.250299 1.505565 -0.004174773 2.817977 74.71692 30.0181 10.97371 83.31971 0 12.87253 80.09171 -8.757837E-07 0.5 0.5
49 6.388082 -0.2538801 1.484307 0.03236447 3.385777 76.08695 30.13581 -0.2616838 1.467786 0.05980205 3.385777 76.08695 30.13581 -0.2460763 1.500828 0.004926898 3.385777 76.08695 30.13581 8.989404 84.29134 0 11.02552 80.85986 0 0.5 0.5
50 6.554748 -0.2464997 1.482227 0.03683978 3.950383 77.49245 29.74215 -0.2537983 1.465912 0.06453855 3.950383 77.49245 29.74215 -0.2392012 1.498542 0.009141017 3.950383 77.49245 29.74215 6.841279 89.02259 0 8.776403 85.80396 4.319443E-07 0.5 0.5
51 6.721415 -0.2442212 1.486807 0.02637739 3.786632 77.5647 28.18966 -0.251482 1.471268 0.05452891 3.786632 77.5647 28.18966 -0.2369604 1.502345 -0.001774117 3.786632 77.5647 28.18966 6.829461 88.45202 -6.449062E-07 8.788124 84.99236 -4.319579E-07 0.5 0.5
52 6.888081 -0.2350965 1.501346 -0.01891941 3.940151 75.93941 22.96912 -0.2433276 1.488513 0.01030749 3.940151 75.93941 22.96912 -0.2268653 1.51418 -0.0481463 3.940151 75.93941 22.96912 7.933268 82.1301 0 9.44045 78.65829 0 0.5 0.5
53 7.052394 -0.2145952 1.522394 -0.1029999 3.338295 71.75677 14.34832 -0.2250447 1.514239 -0.07281774 3.338295 71.75677 14.34832 -0.2041457 1.53055 -0.133182 3.338295 71.75677 14.34832 3.832398 80.34236 -2.139217E-07 4.910321 76.48484 2.142296E-07 0.5 0.5
54 7.215303 -0.1895932 1.535925 -0.2120223 0.6262771 71.40031 3.389672 -0.2001091 1.533976 -0.1808409 0.6262771 71.40031 3.389672 -0.1790772 1.537874 -0.2432037 0.6262771 71.40031 3.389672 4.786989 77.41466 2.141905E-07 5.075966 73.65343 0 0.5 0.5
55 7.262448 -0.1625687 1.540019 -0.2927774 358.9011 77.03435 356.4368 -0.1699888 1.542067 -0.2607242 358.9011 77.03435 356.4368 -0.1551485 1.537971 -0.3248306 358.9011 77.03435 356.4368 4.428942 77.18645 2.140827E-07 4.526325 73.41728 -4.282224E-07 0.5 0.5
56 7.405485 -0.1463971 1.537001 -0.3063795 1.380105 79.00746 355.7884 -0.1526086 1.539421 -0.274096 1.380105 79.00746 355.7884 -0.1401856 1.53458 -0.338663 1.380105 79.00746 355.7884 7.42124 76.54194 -4.30493E-07 7.141695 73.00298 -2.151123E-07 0.5 0.5
57 7.461724 -0.1309852 1.535681 -0.3331515 2.140931 83.28199 353.3018 -0.1346725 1.539523 -0.30062 2.140931 83.28199 353.3018 -0.1272978 1.531838 -0.3656831 2.140931 83.28199 353.3018 8.873333 82.6031 0 8.563787 79.05575 -4.317E-07 0.5 0.5
58 7.592756 -0.1265421 1.534011 -0.3442357 3.38289 86.61404 353.773 -0.1282669 1.53758 -0.3115103 3.38289 86.61404 353.773 -0.1248173 1.530442 -0.376961 3.38289 86.61404 353.773 9.186733 83.71226 0 8.791919 80.39725 4.319624E-07 0.5 0.5
59 7.651273 -0.1206054 1.533252 -0.3521775 3.503 89.84332 354.2019 -0.1204916 1.536576 -0.3193811 3.503 89.84332 354.2019 -0.1207192 1.529928 -0.3849739 3.503 89.84332 354.2019 11.94899 90.00354 -4.363414E-07 11.54436 86.21756 0 0.5 0.5
60 7.779873 -0.1159016 1.533785 -0.3532221 4.293328 92.21556 354.7481 -0.1144069 1.536794 -0.3204292 4.293328 92.21556 354.7481 -0.1173964 1.530776 -0.386015 4.293328 92.21556 354.7481 11.29946 92.19871 0 10.93772 88.39643 -4.347851E-07 0.5 0.5
61 7.842251 -0.1118229 1.533409 -0.3660204 3.582541 102.5875 353.6151 -0.1044598 1.537068 -0.3340976 3.582541 102.5875 353.6151 -0.1191859 1.52975 -0.3979431 3.582541 102.5875 353.6151 10.86254 105.5544 4.346753E-07 10.66468 102.6535 -4.3439E-07 0.5 0.5
62 7.96977 -0.1194153 1.532908 -0.3875619 3.865441 121.4657 355.1284 -0.1021093 1.535701 -0.3596448 3.865441 121.4657 355.1284 -0.1367212 1.530115 -0.415479 3.865441 121.4657 355.1284 8.040157 129.5483 2.155623E-07 7.833041 126.4356 -8.618149E-07 0.5 0.5
63 8.040035 -0.1341829 1.535231 -0.407916 1.852284 137.7962 354.5755 -0.1098058 1.538346 -0.3859452 1.852283 137.7962 354.5755 -0.1585601 1.532117 -0.4298868 1.852283 137.7962 354.5755 6.001883 139.3134 2.146198E-07 5.732172 135.5376 0 0.5 0.5
64 8.163618 -0.1523712 1.53447 -0.4198324 2.033423 150.129 353.6876 -0.1238953 1.538092 -0.4036255 2.033423 150.129 353.6876 -0.1808472 1.530848 -0.4360393 2.033423 150.129 353.6876 6.458639 155.6923 1.074034E-07 6.08389 151.9264 -2.146524E-07 0.5 0.5
65 8.232374 -0.1648844 1.533973 -0.4225873 2.119725 155.3782 354.1143 -0.1350229 1.537351 -0.4090394 2.119725 155.3782 354.1143 -0.1947458 1.530595 -0.4361351 2.119725 155.3782 354.1143 6.696512 158.4997 -1.074548E-07 6.304316 154.7332 1.07371E-07 0.5 0.5
66 8.350391 -0.1511201 1.539125 -0.4063183 359.3136 140.4354 355.9875 -0.1257873 1.541431 -0.3853518 359.3136 140.4354 355.9875 -0.1764528 1.536819 -0.4272848 359.3136 140.4354 355.9875 3.883245 144.4365 2.139346E-07 3.548211 140.2283 1.069267E-07 0.5 0.5
67 8.425744 -0.1301259 1.541558 -0.3539878 357.801 104.0313 1.655773 -0.1221015 1.540606 -0.322029 357.801 104.0313 1.655773 -0.1381504 1.542509 -0.3859466 357.801 104.0313 1.655773 357.2628 118.8093 1.068436E-07 357.1677 114.3612 2.137045E-07 0.5 0.5
68 8.533377 -0.1336027 1.54204 -0.315393 358.1793 81.85257 3.639372 -0.1381992 1.539949 -0.2828175 358.1793 81.85257 3.639372 -0.1290061 1.544132 -0.3479684 358.1793 81.85257 3.639372 0.7831244 84.495 -5.336583E-08 0.9516955 80.71826 0 0.5 0.5
69 8.613898 -0.1565891 1.541326 -0.2716112 358.3362 54.18319 9.822231 -0.1754647 1.535704 -0.2451767 358.3362 54.18319 9.822231 -0.1377136 1.546947 -0.2980456 358.3362 54.18319 9.822231 1.373876 63.67605 0 1.866593 59.71676 5.338918E-08 0.5 0.5
70 8.708737 -0.1723843 1.539353 -0.2574899 358.995 44.87576 9.469456 -0.1953588 1.53393 -0.2344806 358.995 44.87576 9.469455 -0.1494098 1.544775 -0.2804993 358.995 44.87576 9.469455 359.3542 44.20598 2.668212E-08 359.952 40.71201 0 0.5 0.5
71 8.797201 -0.1826128 1.538156 -0.2466794 359.2583 39.17059 8.919857 -0.2078184 1.533045 -0.2260585 359.2583 39.17059 8.919857 -0.1574073 1.543267 -0.2673004 359.2583 39.17059 8.919857 1.718065 38.3214 0 2.300224 34.59673 1.602116E-07 0.5 0.5
72 8.90627 -0.1887666 1.53819 -0.237167 358.8622 35.21242 7.694232 -0.2154062 1.533777 -0.2182588 358.8622 35.21242 7.694232 -0.1621269 1.542603 -0.2560751 358.8622 35.21242 7.694232 3.179215 40.13075 0 3.767089 35.95897 0 0.5 0.5
73 8.98796 -0.1954216 1.538371 -0.2264113 358.8767 31.81448 7.296966 -0.2231634 1.534185 -0.2091043 358.8767 31.81448 7.296966 -0.1676797 1.542557 -0.2437182 358.8767 31.81448 7.296966 2.796573 41.32781 1.06849E-07 3.313213 37.60258 0 0.5 0.5
74 9.102015 -0.2046453 1.539379 -0.2174827 358.8409 28.50913 6.220213 -0.2334076 1.535808 -0.2017779 358.8409 28.50913 6.220213 -0.175883 1.54295 -0.2331875 358.8409 28.50913 6.220213 2.804754 40.82378 2.136994E-07 3.264757 37.0921 0 0.5 0.5
75 9.185089 -0.2297595 1.539979 -0.2039497 357.626 19.15451 5.673006 -0.2607023 1.536723 -0.1930589 357.626 19.15451 5.673006 -0.1988168 1.543235 -0.2148404 357.626 19.15451 5.673006 358.1438 12.96712 2.669443E-08 358.5678 9.22093 -1.334438E-08 0.5 0.5
76 9.286303 -0.246899 1.537056 -0.196781 357.1586 11.74717 3.043997 -0.27911 1.535308 -0.1899941 357.1586 11.74717 3.043997 -0.2146881 1.538804 -0.2035678 357.1586 11.74717 3.043997 359.9264 8.024471 0 0.1916952 4.492415 -8.33768E-10 0.5 0.5
77 9.382909 -0.2444298 1.534267 -0.1975852 357.6093 5.695192 3.608974 -0.277158 1.532194 -0.1942343 357.6093 5.695192 3.608974 -0.2117016 1.53634 -0.2009361 357.6093 5.695192 3.608974 359.4803 357.9528 1.667595E-09 359.6971 354.413 -3.3351E-09 0.5 0.5
78 9.494729 -0.2332354 1.539442 -0.2121528 359.387 354.9083 5.878887 -0.2659004 1.536066 -0.2150271 359.387 354.9083 5.878887 -0.2005704 1.542818 -0.2092786 359.387 354.9083 5.878887 0.4846788 353.5905 5.002759E-09 0.8495281 349.6127 -6.67084E-09 0.5 0.5
79 9.578191 -0.21593 1.538761 -0.2368547 358.9528 341.2426 6.728844 -0.2469514 1.534899 -0.247315 358.9528 341.2426 6.728844 -0.1849085 1.542623 -0.2263944 358.9528 341.2426 6.728844 0.06751613 335.4763 -3.335056E-09 0.4563649 331.9399 6.670318E-09 0.5 0.5
80 9.688193 -0.2061032 1.535367 -0.2514729 358.9641 333.3928 6.105245 -0.235438 1.531861 -0.2660964 358.9641 333.3928 6.105245 -0.1767684 1.538872 -0.2368494 358.9641 333.3928 6.105245 1.573844 322.6273 0 1.918019 319.3243 -5.339076E-08 0.5 0.5
81 9.769807 -0.20403 1.530122 -0.2744059 359.5442 321.088 4.398946 -0.2296172 1.527594 -0.2950352 359.5442 321.088 4.398946 -0.1784428 1.53265 -0.2537767 359.5442 321.088 4.398946 0.9303119 317.9877 0 1.283108 314.2345 -5.337423E-08 0.5 0.5
82 9.885094 -0.2207427 1.530971 -0.2976502 0.1322032 316.0993 4.136707 -0.2444295 1.528593 -0.3204526 0.1322032 316.0993 4.136707 -0.197056 1.533349 -0.2748479 0.1322032 316.0993 4.136707 1.120455 312.7498 0 1.379229 308.9886 0 0.5 0.5
83 9.967764 -0.2608957 1.539871 -0.3309827 357.9077 312.4565 4.262953 -0.2831522 1.537422 -0.355176 357.9077 312.4565 4.262953 -0.2386392 1.542319 -0.3067895 357.9077 312.4565 4.262953 354.556 309.7712 -2.144105E-07 354.8727 305.7884 2.143009E-07 0.5 0.5
84 10.06786 -0.3061623 1.540076 -0.3553672 355.277 311.2389 5.069504 -0.3279879 1.537173 -0.3799005 355.277 311.2389 5.069504 -0.2843367 1.542979 -0.330834 355.277 311.2389 5.069504 357.3599 311.3878 1.068351E-07 357.6822 307.6288 1.068091E-07 0.5 0.5
85 10.15057 -0.3506499 1.546297 -0.3756765 350.7497 311.0755 4.805272 -0.3725678 1.543572 -0.4001476 350.7497 311.0755 4.805272 -0.328732 1.549023 -0.3512053 350.7497 311.0755 4.805272 342.1628 313.6899 0 342.4818 309.6098 -4.476482E-07 0.5 0.5
86 10.24454 -0.3766263 1.548607 -0.3885603 345.459 309.9183 5.963977 -0.3983245 1.545291 -0.4131541 345.459 309.9183 5.963977 -0.354928 1.551922 -0.3639664 345.459 309.9183 5.963977 344.7835 315.8157 0 345.0972 311.6885 8.834911E-07 0.5 0.5
87 10.33113 -0.3983191 1.550604 -0.3977361 342.5591 310.3311 5.524439 -0.4202799 1.547576 -0.4221332 342.5591 310.3311 5.524438 -0.3763583 1.553631 -0.373339 342.5591 310.3311 5.524438 335.2821 321.3056 9.398885E-07 335.3837 317.6863 -9.39123E-07 0.5 0.5
88 10.43077 -0.399496 1.554467 -0.3927808 339.4013 311.2917 5.522285 -0.4219867 1.551498 -0.4166976 339.4013 311.2917 5.522285 -0.3770053 1.557437 -0.368864 339.4013 311.2917 5.522285 330.3375 322.4528 9.825287E-07 330.3882 318.116 -1.964067E-06 0.5 0.5
89 10.51931 -0.3874533 1.567069 -0.383365 333.4395 309.2404 9.452277 -0.4098975 1.562226 -0.4070182 333.4395 309.2404 9.452276 -0.3650091 1.571911 -0.3597119 333.4395 309.2404 9.452276 324.7838 319.1075 -1.045033E-06 325.0308 314.5787 2.083745E-06 0.5 0.5
90 10.61475 -0.3742558 1.569735 -0.3725408 330.6782 309.1728 8.075591 -0.3966299 1.565697 -0.3964105 330.6782 309.1728 8.075591 -0.3518818 1.573772 -0.3486711 330.6782 309.1728 8.075591 327.0399 320.5344 0 327.2779 315.794 -2.029647E-06 0.5 0.5
91 10.71764 -0.3621421 1.573157 -0.3607587 327.9377 310.8193 6.457058 -0.3850427 1.570015 -0.3842608 327.9377 310.8193 6.457058 -0.3392414 1.576298 -0.3372566 327.9377 310.8193 6.457058 318.1185 321.389 0 318.1835 316.7015 1.145568E-06 0.5 0.5
92 10.80881 -0.3534259 1.573524 -0.3577884 325.886 311.3827 5.866356 -0.3765219 1.570734 -0.3811433 325.886 311.3827 5.866356 -0.3303298 1.576313 -0.3344335 325.886 311.3827 5.866356 318.1321 321.508 2.292978E-06 318.1857 316.5102 2.291056E-06 0.5 0.5
93 10.91208 -0.3518628 1.574066 -0.3602926 325.0538 310.4136 6.621716 -0.374749 1.57095 -0.3838123 325.0538 310.4136 6.621716 -0.3289765 1.577182 -0.3367729 325.0538 310.4136 6.621716 319.4766 320.6743 0 319.5881 315.728 -1.121315E-06 0.5 0.5
94 11.01091 -0.3517327 1.573749 -0.3593358 324.763 309.7221 6.076422 -0.3742294 1.570899 -0.3832615 324.763 309.7221 6.076422 -0.3292361 1.576599 -0.3354101 324.763 309.7221 6.076422 326.108 326.1922 0 326.002 321.9229 -1.029813E-06 0.5 0.5
95 11.1097 -0.3529566 1.573563 -0.3552483 324.8912 310.2338 5.874493 -0.3756183 1.570803 -0.3790284 324.8912 310.2338 5.874493 -0.330295 1.576323 -0.3314681 324.8912 310.2338 5.874493 333.1336 331.7851 9.570781E-07 332.9915 329.0444 -9.582852E-07 0.5 0.5
96 11.20502 -0.3552568 1.573435 -0.3508177 325.1794 310.6756 5.903183 -0.3780966 1.570652 -0.3744241 325.1794 310.6756 5.903183 -0.332417 1.576218 -0.3272114 325.1794 310.6756 5.903183 334.4329 331.1877 -4.732247E-07 334.3192 328.3408 1.421026E-06 0.5 0.5
97 11.30224 -0.3589212 1.57214 -0.3464523 326.2538 310.8859 6.279964 -0.3818833 1.569142 -0.3699133 326.2538 310.8859 6.279964 -0.3359592 1.575138 -0.3229913 326.2538 310.8859 6.279964 341.8401 315.1583 0 342.1019 312.0485 4.485968E-07 0.5 0.5
98 11.40558 -0.3696728 1.564065 -0.3345747 335.9266 311.6754 5.927049 -0.3925112 1.560957 -0.3581419 335.9266 311.6754 5.927049 -0.3468344 1.567173 -0.3110076 335.9266 311.6754 5.927049 353.5826 314.0031 0 353.8669 311.0168 -2.146721E-07 0.5 0.5
99 11.49359 -0.3846419 1.55257 -0.3218663 346.9113 310.1751 5.396974 -0.4063504 1.54955 -0.3464891 346.9113 310.1751 5.396974 -0.3629334 1.555589 -0.2972435 346.9113 310.1751 5.396974 357.8752 313.4379 0 358.1875 310.0618 1.067751E-07 0.5 0.5
100 11.60187 -0.3911735 1.549893 -0.3177706 348.8325 309.0528 5.613321 -0.4123277 1.54673 -0.3428535 348.8325 309.0528 5.613321 -0.3700192 1.553057 -0.2926877 348.8325 309.0528 5.613321 357.1427 314.4145 -2.137091E-07 357.4688 310.9465 0 0.5 0.5
101 11.69035 -0.3952294 1.545909 -0.31517 351.5293 308.6823 5.945014 -0.4161141 1.542532 -0.3404501 351.5293 308.6823 5.945014 -0.3743446 1.549286 -0.2898898 351.5293 308.6823 5.945014 357.3485 314.673 0 357.6845 311.1666 5.340445E-08 0.5 0.5
102 11.79334 -0.3975048 1.54371 -0.315367 353.0226 307.7073 6.067443 -0.4178888 1.540251 -0.3410418 353.0226 307.7073 6.067443 -0.3771209 1.547168 -0.2896922 353.0226 307.7073 6.067443 359.529 305.292 -4.002199E-08 359.8967 301.7991 3.335058E-09 0.5 0.5
103 11.90945 -0.3998155 1.543575 -0.3214592 352.9073 303.7674 6.760315 -0.4184089 1.539724 -0.3484058 352.9073 303.7674 6.760315 -0.3812221 1.547426 -0.2945126 352.9073 303.7674 6.760315 0.6552237 304.8015 2.668217E-08 1.051867 301.3118 0 0.5 0.5
104 12.00452 -0.4062913 1.542977 -0.33954 353.7518 289.1572 7.099117 -0.4174449 1.538927 -0.3702948 353.7518 289.1572 7.099117 -0.3951377 1.547027 -0.3087852 353.7518 289.1572 7.099117 356.0249 283.2284 -2.139582E-07 356.4368 280.3645 0 0.5 0.5
105 12.11781 -0.4063869 1.544502 -0.3601999 353.0144 272.4294 6.906491 -0.4082557 1.540568 -0.3928754 353.0144 272.4294 6.906491 -0.404518 1.548437 -0.3275244 353.0144 272.4294 6.906491 357.8828 270.8897 -1.067946E-07 358.342 267.3807 0 0.5 0.5
106 12.21316 -0.4011456 1.545916 -0.3776241 352.6994 257.2642 5.950511 -0.3943411 1.542526 -0.4097002 352.6994 257.2642 5.950511 -0.4079501 1.549306 -0.3455481 352.6994 257.2642 5.950511 4.154094 264.2648 0 4.516403 260.7969 2.141083E-07 0.5 0.5
107 12.32064 -0.3938662 1.545912 -0.3971626 353.6325 242.2412 8.201755 -0.3791316 1.541238 -0.426278 353.6325 242.2412 8.201755 -0.4086009 1.550585 -0.3680471 353.6325 242.2412 8.201755 9.172597 249.2751 8.648325E-07 9.503705 246.2854 0 0.5 0.5
108 12.42762 -0.3856951 1.543254 -0.4161861 356.0953 230.1125 10.02557 -0.3651781 1.537529 -0.4413444 356.0953 230.1125 10.02557 -0.406212 1.54898 -0.3910279 356.0953 230.1125 10.02557 9.971647 247.4225 0 10.58093 244.4716 0 0.5 0.5
109 12.53146 -0.378424 1.541607 -0.4290382 357.2612 222.5417 10.82566 -0.3547685 1.535423 -0.4511477 357.2612 222.5417 10.82566 -0.4020795 1.547792 -0.4069287 357.2612 222.5417 10.82566 8.331537 233.1685 -2.157201E-07 8.964016 229.9425 4.321651E-07 0.5 0.5
110 12.62898 -0.3749072 1.540786 -0.4365565 357.9182 219.3495 10.13367 -0.3499472 1.53499 -0.4572945 357.9182 219.3495 10.13367 -0.3998672 1.546582 -0.4158185 357.9182 219.3495 10.13367 5.634524 234.5756 -2.144797E-07 6.309724 231.3637 0 0.5 0.5
111 12.73951 -0.3735686 1.541279 -0.4417659 357.6753 218.1946 9.900671 -0.3481892 1.535615 -0.4620262 357.6753 218.1946 9.900671 -0.398948 1.546942 -0.4215057 357.6753 218.1946 9.900671 2.489431 226.2839 -1.068225E-07 3.070371 223.0288 1.068751E-07 0.5 0.5
112 12.82432 -0.3690344 1.542989 -0.4468472 356.3625 216.3642 9.507801 -0.3430587 1.537555 -0.4664021 356.3625 216.3642 9.507801 -0.3950101 1.548423 -0.4272923 356.3625 216.3642 9.507801 1.368982 225.5548 5.337609E-08 1.986736 222.0774 -5.339295E-08 0.5 0.5
113 12.94084 -0.3622459 1.545431 -0.4487047 354.7974 213.5489 9.82452 -0.3354576 1.53983 -0.4670804 354.7974 213.5489 9.82452 -0.3890343 1.551033 -0.4303289 354.7974 213.5489 9.82452 353.2344 223.0822 0 353.8366 219.3238 0 0.5 0.5
114 13.02173 -0.3508433 1.543974 -0.4535518 355.4714 206.1678 8.351616 -0.3217379 1.539201 -0.4682743 355.4714 206.1678 8.351616 -0.3799488 1.548747 -0.4388292 355.4714 206.1678 8.351616 3.342195 206.3837 5.345176E-08 3.861719 203.1295 5.348228E-08 0.5 0.5
115 13.12918 -0.3437293 1.542235 -0.4580584 356.9628 201.2576 7.48566 -0.313352 1.537946 -0.4701202 356.9628 201.2576 7.48566 -0.3741066 1.546523 -0.4459965 356.9628 201.2576 7.48566 5.021342 206.6563 0 5.490915 203.1698 0 0.5 0.5
116 13.2118 -0.3302192 1.54135 -0.4643178 358.71 196.8812 8.290073 -0.2990358 1.536598 -0.4738927 358.71 196.8812 8.290073 -0.3614026 1.546102 -0.4547429 358.71 196.8812 8.290073 9.382152 191.6836 0 9.71678 188.5906 5.413751E-08 0.5 0.5
117 13.30517 -0.3143257 1.538238 -0.469635 0.7057287 190.7802 8.920214 -0.2823228 1.533126 -0.4756644 0.7057287 190.7802 8.920214 -0.3463286 1.543349 -0.4636057 0.7057287 190.7802 8.920214 10.5143 171.4909 -1.085442E-07 10.68475 169.4736 0 0.5 0.5
118 13.39414 -0.3030514 1.536097 -0.4718194 1.98444 187.367 9.466208 -0.2707801 1.530679 -0.4758025 1.98444 187.367 9.466208 -0.3353228 1.541516 -0.4678363 1.98444 187.367 9.466208 12.16002 173.7435 -5.458559E-08 12.40718 171.3031 -1.092737E-07 0.5 0.5
119 13.4865 -0.290187 1.53372 -0.4733542 3.046355 182.6417 9.856861 -0.2577298 1.528085 -0.4745515 3.046355 182.6417 9.856861 -0.3226443 1.539356 -0.4721568 3.046355 182.6417 9.856861 13.68183 172.9333 0 14.00779 170.047 0 0.5 0.5
120 13.56734 -0.2797935 1.53023 -0.4730585 4.3199 176.9657 9.659151 -0.2473639 1.524715 -0.4709222 4.3199 176.9657 9.659151 -0.3122232 1.535745 -0.4751948 4.3199 176.9657 9.659151 14.90487 169.722 -3.313123E-07 15.2648 166.5787 3.318738E-07 0.5 0.5
121 13.66591 -0.2741836 1.527767 -0.4722666 4.704071 173.5619 9.28066 -0.2419046 1.522468 -0.4681855 4.704071 173.5619 9.28066 -0.3064626 1.533065 -0.4763478 4.704071 173.5619 9.28066 14.84743 169.4465 -2.208161E-07 15.30089 165.8542 0 0.5 0.5
122 13.74611 -0.2697726 1.52405 -0.4702027 6.381051 169.9559 9.235652 -0.2378365 1.518792 -0.463949 6.381051 169.9559 9.235652 -0.3017086 1.529308 -0.4764563 6.381051 169.9559 9.235652 16.8403 170.8445 -1.115034E-07 17.30741 167.4702 0 0.5 0.5
123 13.84969 -0.2720427 1.520638 -0.4699834 7.423804 169.2206 8.909172 -0.2401738 1.515576 -0.4632445 7.423804 169.2206 8.909172 -0.3039115 1.5257 -0.4767223 7.423804 169.2206 8.909172 20.59252 173.1843 1.140061E-07 21.15734 169.5599 2.28871E-07 0.5 0.5
124 13.9231 -0.2725619 1.508898 -0.4693914 14.1459 168.3157 10.23646 -0.2410842 1.503217 -0.4614197 14.1459 168.3157 10.23646 -0.3040397 1.514578 -0.4773631 14.1459 168.3157 10.23646 21.75914 173.4586 -1.149089E-07 22.30863 170.0138 2.307116E-07 0.5 0.5
125 14.03484 -0.2713951 1.501811 -0.4706059 18.98211 169.1965 10.60032 -0.2399371 1.496077 -0.4625949 18.98211 169.1965 10.60032 -0.302853 1.507546 -0.4786169 18.98211 169.1965 10.60032 38.09454 178.5248 -6.780339E-08 38.86128 174.7045 -2.741137E-07 0.5 0.5
126 14.10453 -0.2649973 1.493225 -0.4749802 23.22452 168.7608 10.78829 -0.2337106 1.487555 -0.4662823 23.22452 168.7608 10.78829 -0.296284 1.498896 -0.4836781 23.22452 168.7608 10.78829 39.09941 178.4974 0 39.96848 174.2965 0 0.5 0.5
127 14.20866 -0.263036 1.491792 -0.4760823 23.32852 169.3106 10.86772 -0.2316809 1.486085 -0.467659 23.32852 169.3106 10.86772 -0.294391 1.497499 -0.4845055 23.32852 169.3106 10.86772 36.71021 178.5325 -3.328109E-08 37.60321 174.3808 0 0.5 0.5
128 14.27858 -0.2720412 1.500499 -0.4787745 19.09341 173.7425 10.22019 -0.2400015 1.494972 -0.4733366 19.09341 173.7425 10.22019 -0.3040809 1.506026 -0.4842124 19.09341 173.7425 10.22019 24.04082 184.116 -1.168585E-07 25.07123 180.0707 -1.840981E-09 0.5 0.5
129 14.38818 -0.2936061 1.507952 -0.4792009 15.5589 185.961 11.23031 -0.2612688 1.501768 -0.480846 15.5589 185.961 11.23031 -0.3259435 1.514137 -0.4775557 15.5589 185.961 11.23031 6.156405 206.304 -1.073408E-07 6.638137 204.3864 2.14884E-07 0.5 0.5
130 14.45653 -0.3217872 1.517165 -0.4759593 11.52586 198.9359 11.28831 -0.2907914 1.510843 -0.4852302 11.52586 198.9359 11.28831 -0.352783 1.523488 -0.4666885 11.52586 198.9359 11.28831 7.607118 210.603 0 8.22042 208.2396 -4.313184E-07 0.5 0.5
131 14.56031 -0.3393019 1.521016 -0.4707571 9.540174 207.1901 11.48138 -0.3100699 1.514545 -0.4845513 9.540174 207.1901 11.48138 -0.3685339 1.527487 -0.4569629 9.540174 207.1901 11.48138 7.866063 225.8778 -4.309416E-07 8.556082 223.2798 0 0.5 0.5
132 14.62682 -0.3545234 1.52599 -0.4646251 7.994449 213.9448 10.93264 -0.3271876 1.519799 -0.481977 7.994449 213.9448 10.93264 -0.3818592 1.532181 -0.4472733 7.994449 213.9448 10.93264 9.625798 227.0676 -2.164915E-07 10.38893 224.0316 0 0.5 0.5
133 14.722 -0.3681448 1.528284 -0.4619429 7.016159 219.7273 10.24349 -0.3427384 1.522466 -0.4821251 7.016159 219.7273 10.24349 -0.3935513 1.534103 -0.4417606 7.016159 219.7273 10.24349 12.25337 227.0827 0 13.00939 223.5566 4.381322E-07 0.5 0.5
134 14.78881 -0.3779208 1.52911 -0.462218 5.158573 225.6635 10.35697 -0.3548771 1.523207 -0.4850392 5.158573 225.6635 10.35697 -0.4009646 1.535012 -0.4393967 5.158573 225.6635 10.35697 4.45118 233.6109 0 5.191239 229.9018 0 0.5 0.5
135 14.89577 -0.3821658 1.529209 -0.4652575 4.956347 229.1228 10.04598 -0.3605476 1.523481 -0.4894752 4.956347 229.1228 10.04598 -0.4037841 1.534938 -0.4410398 4.956347 229.1228 10.04598 6.882871 234.5862 0 7.53957 231.0831 0 0.5 0.5
136 14.9643 -0.3845858 1.529836 -0.4739347 4.292382 231.027 10.44267 -0.3638483 1.523878 -0.498857 4.292382 231.027 10.44267 -0.4053233 1.535794 -0.4490124 4.292382 231.027 10.44267 2.56114 237.0247 -1.068284E-07 3.242638 233.3134 -1.068928E-07 0.5 0.5
137 15.06333 -0.3867703 1.530667 -0.4826801 3.614878 232.0856 10.64032 -0.3665597 1.524592 -0.5080038 3.614878 232.0856 10.64032 -0.406981 1.536741 -0.4573563 3.614878 232.0856 10.64032 1.737496 235.2086 -5.33854E-08 2.436581 231.4892 1.068183E-07 0.5 0.5
138 15.14341 -0.3888732 1.529709 -0.493983 3.943864 232.3689 10.72633 -0.3687633 1.523588 -0.5193758 3.943864 232.3689 10.72633 -0.408983 1.535829 -0.4685903 3.943864 232.3689 10.72633 1.337745 234.9772 1.067508E-07 2.039088 231.2738 -1.067893E-07 0.5 0.5
139 15.2379 -0.3918366 1.5282 -0.5014628 4.505872 232.0994 10.91002 -0.3715659 1.52198 -0.5267032 4.505872 232.0994 10.91002 -0.4121073 1.53442 -0.4762225 4.505872 232.0994 10.91002 7.749178 231.6783 4.308212E-07 8.432936 227.9439 4.315527E-07 0.5 0.5
140 15.30378 -0.3932378 1.527435 -0.5073137 4.698236 231.6435 10.81177 -0.3727475 1.521272 -0.5323902 4.698236 231.6435 10.81177 -0.4137281 1.533598 -0.4822372 4.698236 231.6435 10.81177 8.044141 231.943 -2.155644E-07 8.656078 228.6488 4.318053E-07 0.5 0.5
141 15.41326 -0.3944096 1.527461 -0.5106256 4.465063 231.2783 10.91481 -0.3737829 1.521238 -0.5355752 4.465063 231.2783 10.91481 -0.4150362 1.533684 -0.4856761 4.465063 231.2783 10.91481 8.098377 232.0177 0 8.797633 228.2807 0 0.5 0.5
142 15.48511 -0.3989262 1.528397 -0.517814 4.025865 231.2083 10.77118 -0.378301 1.522251 -0.5427839 4.025865 231.2083 10.77118 -0.4195515 1.534542 -0.4928441 4.025865 231.2083 10.77118 7.799997 231.6316 -2.154367E-07 8.45225 228.1189 0 0.5 0.5
143 15.59342 -0.402328 1.528794 -0.5215647 3.837968 231.4854 10.50459 -0.3818299 1.522798 -0.5466751 3.837968 231.4854 10.50459 -0.4228262 1.534791 -0.4964544 3.837968 231.4854 10.50459 7.218262 232.0221 2.151485E-07 7.894391 228.288 -2.154856E-07 0.5 0.5
144 15.66305 -0.4064521 1.528614 -0.5264032 3.717554 231.8425 10.52772 -0.3861216 1.522604 -0.5516462 3.717554 231.8425 10.52772 -0.4267827 1.534624 -0.5011603 3.717554 231.8425 10.52772 5.718543 233.3568 2.14511E-07 6.445623 229.4115 -2.148012E-07 0.5 0.5
145 15.75651 -0.4081026 1.528157 -0.5283376 3.868449 232.2332 10.38628 -0.3879274 1.522227 -0.5537239 3.868449 232.2332 10.38628 -0.4282779 1.534086 -0.5029513 3.868449 232.2332 10.38628 5.929307 232.9159 2.145915E-07 6.558778 229.41 4.296992E-07 0.5 0.5
146 15.82906 -0.4094812 1.527903 -0.5291736 3.969676 232.3994 10.28613 -0.3893682 1.522031 -0.5546225 3.969676 232.3994 10.28613 -0.4295942 1.533775 -0.5037246 3.969676 232.3994 10.28613 5.835023 233.096 2.145551E-07 6.503577 229.3672 4.296517E-07 0.5 0.5
147 15.92816 -0.4096136 1.527699 -0.5271803 4.240642 232.5177 10.09512 -0.3895256 1.521937 -0.5526741 4.240642 232.5177 10.09512 -0.4297015 1.533462 -0.5016865 4.240642 232.5177 10.09512 6.95528 242.1757 0 7.687576 238.4593 -4.307583E-07 0.5 0.5
148 15.99688 -0.4100683 1.527951 -0.5215199 4.202085 233.0464 9.569568 -0.3902059 1.522485 -0.5472547 4.202085 233.0464 9.569568 -0.4299307 1.533416 -0.4957851 4.202085 233.0464 9.569568 6.436359 244.0077 2.147973E-07 7.080704 240.733 2.150837E-07 0.5 0.5
149 16.09137 -0.4129497 1.528978 -0.513101 3.921313 236.2753 8.718222 -0.394575 1.523993 -0.5400116 3.921313 236.2753 8.718222 -0.4313245 1.533963 -0.4861904 3.921313 236.2753 8.718222 7.456279 244.501 4.305272E-07 8.086204 240.9891 -2.155869E-07 0.5 0.5
150 16.18167 -0.4198568 1.530847 -0.4940104 3.371418 245.231 8.22825 -0.4059362 1.526137 -0.523518 3.371418 245.231 8.22825 -0.4337774 1.535556 -0.4645028 3.371418 245.231 8.22825 4.401771 261.8795 -2.140748E-07 4.886058 259.2602 4.284438E-07 0.5 0.5
151 16.26551 -0.4225757 1.531086 -0.4814331 3.084436 249.9885 8.081821 -0.4111727 1.526458 -0.5120144 3.084436 249.9885 8.081821 -0.4339787 1.535713 -0.4508517 3.084436 249.9885 8.081821 5.693048 264.0597 0 6.229155 261.0062 4.294222E-07 0.5 0.5
152 16.36826 -0.4232009 1.531138 -0.4741626 3.417228 251.0821 7.49496 -0.4123622 1.526845 -0.504997 3.417228 251.0821 7.49496 -0.4340396 1.53543 -0.4433281 3.417228 251.0821 7.49496 7.115777 261.9775 0 7.699431 258.2385 0 0.5 0.5
153 16.45213 -0.4233041 1.530765 -0.4617179 3.812523 254.2453 7.139267 -0.4141608 1.526677 -0.4931242 3.812523 254.2453 7.139267 -0.4324474 1.534853 -0.4303117 3.812523 254.2453 7.139267 8.341594 261.6964 -4.314512E-07 8.85568 258.1703 4.32037E-07 0.5 0.5
154 16.5543 -0.4225595 1.530974 -0.4492286 3.815557 258.968 6.781188 -0.4160413 1.52709 -0.481308 3.815557 258.968 6.781188 -0.4290776 1.534858 -0.4171491 3.815557 258.968 6.781188 5.397833 282.5524 0 5.77527 280.4155 -2.145323E-07 0.5 0.5
155 16.6428 -0.4199489 1.532159 -0.4274955 3.10093 268.4286 7.117488 -0.418831 1.52808 -0.4601877 3.10093 268.4286 7.117488 -0.4210667 1.536237 -0.3948033 3.10093 268.4286 7.117488 7.386402 284.9603 0 7.842137 282.3629 4.309169E-07 0.5 0.5
156 16.73751 -0.4167394 1.532864 -0.4089575 2.475454 276.2754 6.998114 -0.4201434 1.528851 -0.4414994 2.475454 276.2754 6.998114 -0.4133354 1.536876 -0.3764156 2.475454 276.2754 6.998114 2.320495 300.3104 0 2.562245 298.8088 -1.068285E-07 0.5 0.5
157 16.82168 -0.4148225 1.53424 -0.3911176 1.536682 283.2165 7.041065 -0.4221969 1.5302 -0.4229918 1.536682 283.2165 7.041065 -0.4074481 1.538279 -0.3592434 1.536682 283.2165 7.041065 3.567012 301.9131 0 3.905485 299.7442 3.209103E-07 0.5 0.5
158 16.92738 -0.4159462 1.534415 -0.3733277 1.220658 289.1215 7.411248 -0.4265687 1.530163 -0.4042429 1.220658 289.1215 7.411248 -0.4053237 1.538666 -0.3424124 1.220658 289.1215 7.411248 2.422971 306.6474 0 2.885101 303.5895 -1.068572E-07 0.5 0.5
159 17.01696 -0.4185159 1.534006 -0.3545373 1.429997 295.8055 7.336977 -0.4326538 1.529797 -0.3840173 1.429997 295.8055 7.336977 -0.4043779 1.538214 -0.3250573 1.429997 295.8055 7.336977 3.759353 307.5697 0 4.285764 304.0658 -1.07021E-07 0.5 0.5
160 17.11288 -0.418554 1.535568 -0.3369231 0.6747382 305.909 7.003252 -0.4377051 1.531549 -0.3634513 0.6747382 305.909 7.003253 -0.3994029 1.539587 -0.3103949 0.6747382 305.909 7.003253 1.870136 318.6232 -5.338929E-08 2.299784 315.5607 -1.602116E-07 0.5 0.5
161 17.21171 -0.4127334 1.536442 -0.319981 359.6777 320.7648 7.14567 -0.4380826 1.532341 -0.3406514 359.6777 320.7648 7.14567 -0.3873842 1.540542 -0.2993105 359.6777 320.7648 7.14567 0.2099986 331.7654 0 0.6043239 328.6976 0 0.5 0.5
162 17.2987 -0.399102 1.534028 -0.3026657 358.8275 341.3856 6.604432 -0.4301596 1.530237 -0.3130445 358.8275 341.3856 6.604432 -0.3680444 1.537818 -0.2922869 358.8275 341.3856 6.604432 0.6458156 348.1289 -1.334106E-08 1.098302 344.6184 -1.334266E-08 0.5 0.5
163 17.41182 -0.3935604 1.535616 -0.2931738 358.1965 348.6808 7.236634 -0.4256519 1.531465 -0.2994642 358.1965 348.6808 7.236634 -0.3614689 1.539766 -0.2868833 358.1965 348.6808 7.236634 3.189869 343.7186 -2.672183E-08 3.564021 340.6561 5.346425E-08 0.5 0.5
164 17.50817 -0.3943635 1.540695 -0.2850569 357.2711 349.7187 7.875911 -0.4265312 1.536183 -0.2906734 357.2711 349.7187 7.875911 -0.3621958 1.545207 -0.2794404 357.2711 349.7187 7.875911 2.207495 341.293 0 2.681521 337.5562 1.068387E-07 0.5 0.5
165 17.57732 -0.3974199 1.539988 -0.2828245 357.2801 346.2826 7.977092 -0.4291858 1.535418 -0.2903549 357.2801 346.2826 7.977092 -0.365654 1.544557 -0.275294 357.2801 346.2826 7.977092 3.263936 340.7547 -5.344755E-08 3.691687 337.4503 5.347181E-08 0.5 0.5
166 17.66538 -0.3894275 1.539781 -0.2816775 357.6985 347.845 7.240854 -0.4214312 1.53563 -0.2883999 357.6985 347.845 7.240853 -0.3574238 1.543933 -0.2749551 357.6985 347.845 7.240853 4.879664 353.3685 2.677748E-08 5.330727 350.1051 0 0.5 0.5
167 17.72985 -0.3772008 1.535095 -0.279157 358.0334 352.6611 6.330219 -0.4097119 1.531463 -0.2832184 358.0334 352.6611 6.330219 -0.3446897 1.538728 -0.2750956 358.0334 352.6611 6.330219 4.109593 357.0404 0 4.558571 353.5444 2.676509E-08 0.5 0.5
168 17.82693 -0.3585419 1.52915 -0.2738217 357.6026 1.247311 5.9441 -0.3913183 1.52574 -0.2729652 357.6026 1.247311 5.9441 -0.3257654 1.532561 -0.2746782 357.6026 1.247311 5.9441 2.189624 18.9878 0 2.495335 16.59814 2.670575E-08 0.5 0.5
169 17.89702 -0.3484617 1.524517 -0.2663788 357.951 9.156438 6.568795 -0.3807711 1.520749 -0.2610344 357.951 9.156438 6.568795 -0.3161523 1.528286 -0.2717231 357.951 9.156438 6.568795 3.419636 20.66403 0 3.798968 17.83476 5.347836E-08 0.5 0.5
170 17.97637 -0.3497925 1.525373 -0.2588195 358.8344 17.55223 5.52335 -0.3810569 1.522201 -0.2488628 358.8344 17.55223 5.52335 -0.3185281 1.528545 -0.2687761 358.8344 17.55223 5.52335 5.441891 19.43212 2.144098E-07 5.806684 16.1499 5.363606E-08 0.5 0.5
171 18.05927 -0.3585037 1.541243 -0.2554458 358.0813 25.82249 3.448483 -0.3880941 1.539262 -0.2410532 358.0813 25.82249 3.448483 -0.3289134 1.543225 -0.2698384 358.0813 25.82249 3.448483 2.524477 33.24326 1.068254E-07 2.837779 29.72229 0 0.5 0.5
172 18.16671 -0.3734585 1.540934 -0.2544355 358.6107 35.24673 3.269531 -0.4003097 1.539055 -0.2354054 358.6107 35.24673 3.269531 -0.3466074 1.542814 -0.2734656 358.6107 35.24673 3.269531 1.081188 55.60967 2.668517E-08 1.252252 53.42469 5.33736E-08 0.5 0.5
173 18.28016 -0.3930371 1.536011 -0.2631503 359.6419 44.40279 4.067491 -0.4165187 1.533672 -0.2401327 359.6419 44.40279 4.067491 -0.3695554 1.538349 -0.2861679 359.6419 44.40279 4.067491 2.905163 56.37886 0 3.196076 52.85117 -2.137759E-07 0.5 0.5
174 18.4182 -0.410409 1.528781 -0.2771761 0.322856 55.32948 4.906413 -0.4291055 1.525962 -0.2501732 0.322856 55.32948 4.906413 -0.3917125 1.5316 -0.304179 0.322856 55.32948 4.906413 4.190051 72.7008 0 4.552535 69.405 0 0.5 0.5
175 18.56594 -0.4106509 1.524987 -0.3051985 0.9705425 69.31937 5.827724 -0.4222855 1.52164 -0.2745375 0.9705425 69.31937 5.827724 -0.3990163 1.528334 -0.3358595 0.9705425 69.31937 5.827724 4.060254 85.23315 -4.27961E-07 4.471626 81.94082 -2.140951E-07 0.5 0.5
176 18.71452 -0.3761237 1.529223 -0.3477396 1.68713 78.96297 3.593267 -0.3824818 1.527158 -0.31546 1.687131 78.96297 3.593268 -0.3697655 1.531288 -0.3800192 1.687131 78.96297 3.593268 4.528425 92.40694 0 4.800363 89.09414 -2.141947E-07 0.5 0.5
177 18.88119 -0.314465 1.531456 -0.4083787 1.020232 94.65805 1.072548 -0.3117994 1.530839 -0.3755279 1.020232 94.65805 1.072548 -0.3171305 1.532073 -0.4412295 1.020232 94.65805 1.072548 6.242494 115.8384 -4.294332E-07 6.367809 113.8682 2.147684E-07 0.5 0.5
178 19.02645 -0.28048 1.522466 -0.4447159 3.037132 109.2513 2.516461 -0.2696941 1.521021 -0.4135994 3.037132 109.2513 2.516461 -0.2912659 1.523911 -0.4758324 3.037132 109.2513 2.516461 11.33317 114.3719 0 11.53224 110.8055 0 0.5 0.5
179 19.18332 -0.2449802 1.528297 -0.4370778 6.631577 116.1698 3.430686 -0.2306723 1.526337 -0.407445 6.631577 116.1698 3.430686 -0.2592882 1.530256 -0.4667107 6.631577 116.1698 3.430686 15.76737 119.8073 0 16.01845 115.9441 -1.776525E-06 0.5 0.5
180 19.31983 -0.2194339 1.52798 -0.4240452 9.189313 121.1805 3.969628 -0.2027197 1.525727 -0.3957217 9.189314 121.1805 3.969629 -0.2361481 1.530233 -0.4523687 9.189314 121.1805 3.969629 19.18483 128.922 0 19.50452 125.7149 9.057498E-07 0.5 0.5
181 19.47732 -0.2096555 1.524115 -0.4245165 10.28759 131.6176 4.146289 -0.1881374 1.52177 -0.3996542 10.28759 131.6176 4.146289 -0.2311736 1.52646 -0.4493788 10.28759 131.6176 4.146289 18.38556 133.9556 4.498491E-07 18.6851 130.0346 0 0.5 0.5
182 19.60756 -0.2244086 1.522766 -0.4342797 9.429308 149.6688 4.486063 -0.1962567 1.520223 -0.4173191 9.429308 149.6688 4.486063 -0.2525606 1.52531 -0.4512403 9.429308 149.6688 4.486063 13.91775 167.7125 1.099496E-07 14.38444 164.8088 -2.203513E-07 0.5 0.5
183 19.75086 -0.2501311 1.523271 -0.4367353 7.963424 167.9145 4.892472 -0.2180961 1.520486 -0.4294778 7.963424 167.9145 4.892472 -0.282166 1.526055 -0.4439929 7.963424 167.9145 4.892472 10.38695 186.0792 -5.424987E-08 10.80431 183.1979 0 0.5 0.5
184 19.88724 -0.2846652 1.527223 -0.4307814 5.731794 190.7428 5.053581 -0.2523502 1.524334 -0.4366172 5.731794 190.7428 5.053581 -0.3169802 1.530112 -0.4249456 5.731794 190.7428 5.053581 12.02423 211.3899 6.546945E-07 12.39309 209.1974 2.185357E-07 0.5 0.5
185 20.02604 -0.3147029 1.527199 -0.4172532 5.079834 209.0414 5.414967 -0.2858779 1.524101 -0.4329433 5.079834 209.0414 5.414967 -0.3435279 1.530298 -0.401563 5.079834 209.0414 5.414967 17.55326 210.1855 8.954693E-07 17.91174 206.1124 4.486313E-07 0.5 0.5
186 20.15442 -0.3387462 1.525986 -0.4010785 5.469551 219.5737 4.021704 -0.3132591 1.523684 -0.4218577 5.469551 219.5737 4.021704 -0.3642333 1.528287 -0.3802993 5.469551 219.5737 4.021704 12.20186 227.5506 -8.73507E-07 12.56973 223.7416 0 0.5 0.5
187 20.28312 -0.3547426 1.525184 -0.3936851 5.163198 223.711 2.808685 -0.3308429 1.523575 -0.4163319 5.163198 223.711 2.808685 -0.3786424 1.526793 -0.3710383 5.163198 223.711 2.808685 7.117315 232.7667 0 7.378944 228.7526 -2.152258E-07 0.5 0.5
188 20.41364 -0.3605214 1.524187 -0.3988313 5.698746 224.5547 3.342927 -0.3369376 1.522275 -0.4217835 5.698746 224.5547 3.342927 -0.3841053 1.5261 -0.375879 5.698746 224.5547 3.342927 7.193952 232.026 4.30274E-07 7.458585 228.2397 -2.152648E-07 0.5 0.5
189 20.5374 -0.3643476 1.525111 -0.4067448 6.020998 225.9072 3.177194 -0.3413078 1.523294 -0.4302507 6.020998 225.9072 3.177194 -0.3873875 1.526928 -0.383239 6.020998 225.9072 3.177194 5.400956 241.7849 2.143952E-07 5.71634 238.011 2.145101E-07 0.5 0.5
190 20.66755 -0.3706554 1.526263 -0.4075508 5.609727 230.1402 1.195897 -0.349481 1.525579 -0.4328063 5.609727 230.1402 1.195897 -0.3918298 1.526948 -0.3822953 5.609727 230.1402 1.195897 5.363786 243.4867 0 5.549852 239.479 -2.144486E-07 0.5 0.5
191 20.7841 -0.3815123 1.528432 -0.3965202 3.915203 239.4683 359.6486 -0.364778 1.528634 -0.4249206 3.915203 239.4683 359.6486 -0.3982466 1.52823 -0.3681197 3.915203 239.4683 359.6486 358.7558 248.5722 -5.337344E-08 358.7237 245.2225 -1.067482E-07 0.5 0.5
192 20.92287 -0.3850753 1.532938 -0.3869942 359.8426 246.7625 359.6621 -0.3720692 1.533132 -0.4172839 359.8426 246.7625 359.6621 -0.3980815 1.532743 -0.3567046 359.8426 246.7625 359.6621 349.2387 247.8638 -8.69057E-07 349.2266 244.1165 0 0.5 0.5
193 21.03664 -0.3733566 1.54465 -0.3953213 352.0446 241.1874 359.7042 -0.3574491 1.544819 -0.4241932 352.0446 241.1874 359.7042 -0.3892642 1.544481 -0.3664495 352.0446 241.1874 359.7042 341.7039 234.1286 0 341.8858 230.4775 -8.982941E-07 0.5 0.5
194 21.16198 -0.357301 1.555198 -0.4027298 344.4002 235.1205 0.3097225 -0.3384897 1.555027 -0.4297995 344.4002 235.1205 0.3097225 -0.3761123 1.55537 -0.3756601 344.4002 235.1205 0.3097225 335.5852 233.5471 0 335.7129 229.4695 -9.36673E-07 0.5 0.5
195 21.27903 -0.3430731 1.561604 -0.4051286 338.5403 230.7323 0.8072244 -0.3223419 1.561172 -0.4307546 338.5403 230.7323 0.8072244 -0.3638042 1.562037 -0.3795025 338.5403 230.7323 0.8072244 334.4345 233.0735 0 334.5036 228.6653 -9.458917E-07 0.5 0.5
196 21.41193 -0.336261 1.56556 -0.4050854 334.9277 227.9194 0.8638782 -0.3143278 1.565109 -0.4296901 334.9277 227.9194 0.8638782 -0.3581942 1.56601 -0.3804806 334.9277 227.9194 0.8638782 328.3024 223.454 -1.003456E-06 328.5705 219.3356 1.000575E-06 0.5 0.5
197 21.52504 -0.3314524 1.568261 -0.4032138 332.1183 223.5561 0.5346671 -0.3076631 1.567989 -0.4260317 332.1183 223.5561 0.5346671 -0.3552417 1.568533 -0.3803958 332.1183 223.5561 0.5346671 323.5966 215.8626 -1.060775E-06 323.9795 211.8257 1.055597E-06 0.5 0.5
198 21.65435 -0.3262513 1.568961 -0.4039012 330.8242 219.2918 0.6997207 -0.3008652 1.568609 -0.424927 330.8242 219.2918 0.6997207 -0.3516374 1.569312 -0.3828754 330.8242 219.2918 0.6997207 324.5996 218.0063 0 324.8221 212.874 0 0.5 0.5
199 21.75659 -0.3217509 1.568376 -0.4106187 331.599 213.4191 1.01445 -0.2943937 1.567862 -0.429003 331.599 213.4191 1.01445 -0.349108 1.568889 -0.3922343 331.599 213.4191 1.01445 325.4064 217.8861 -1.03714E-06 325.4409 213.3306 1.036709E-06 0.5 0.5
200 21.89174 -0.3155106 1.567279 -0.4210466 334.1393 202.2528 1.229697 -0.2851251 1.566643 -0.4338128 334.1393 202.2528 1.229697 -0.3458962 1.567916 -0.4082803 334.1393 202.2528 1.229697 336.7602 198.3893 -4.645823E-07 336.9751 195.0354 0 0.5 0.5
201 21.99522 -0.3040043 1.565947 -0.4301906 337.7002 184.813 1.745109 -0.2712032 1.565018 -0.4333347 337.7002 184.813 1.745109 -0.3368054 1.566875 -0.4270464 337.7002 184.813 1.745109 336.265 197.6297 -4.663306E-07 336.231 193.7572 0 0.5 0.5
202 22.1237 -0.2846477 1.565522 -0.4321284 340.1926 162.0958 3.899361 -0.2531186 1.563413 -0.4227405 340.1926 162.0958 3.899361 -0.3161768 1.567631 -0.4415163 340.1926 162.0958 3.899361 345.1147 150.7185 4.417097E-07 345.5376 147.5551 0 0.5 0.5
203 22.23829 -0.2630389 1.562291 -0.4217117 344.3932 132.4951 6.121373 -0.2402001 1.558906 -0.3981832 344.3932 132.4951 6.121373 -0.2858776 1.565677 -0.4452402 344.3932 132.4951 6.121373 349.8885 137.4881 0 350.2363 134.1512 -2.165805E-07 0.5 0.5
204 22.36315 -0.2538767 1.55862 -0.4091772 347.6883 105.8345 6.23833 -0.2442004 1.55512 -0.3778597 347.6883 105.8345 6.23833 -0.2635529 1.56212 -0.4404947 347.6883 105.8345 6.23833 355.6173 91.68721 2.140694E-07 355.9462 89.29376 4.279575E-07 0.5 0.5
205 22.47712 -0.2536715 1.551053 -0.4033015 350.836 81.12966 6.772227 -0.2581075 1.547215 -0.370863 350.836 81.12966 6.772227 -0.2492356 1.554891 -0.4357401 350.836 81.12966 6.772227 358.294 91.72015 5.338452E-08 358.6198 88.67763 1.067527E-07 0.5 0.5
206 22.61043 -0.255603 1.538939 -0.3957737 353.1259 64.18506 5.874473 -0.269519 1.535589 -0.3660788 353.1259 64.18506 5.874473 -0.2416869 1.542289 -0.4254686 353.1259 64.18506 5.874473 4.639117 65.81052 0 4.946401 62.78479 0 0.5 0.5
207 22.7116 -0.2777488 1.536185 -0.3814846 355.7398 52.77095 4.601217 -0.2974717 1.533548 -0.3552032 355.7398 52.77095 4.601217 -0.2580258 1.538822 -0.407766 355.7398 52.77095 4.601217 5.429316 45.1048 -2.144053E-07 5.597569 42.48081 -2.144661E-07 0.5 0.5
208 22.86697 -0.3164829 1.541932 -0.3589491 354.9906 44.98747 4.002645 -0.3395985 1.539639 -0.3355594 354.9906 44.98747 4.002645 -0.2933673 1.544224 -0.3823387 354.9906 44.98747 4.002645 4.839782 37.77093 2.142072E-07 5.038574 34.26197 -1.071357E-07 0.5 0.5
209 22.99911 -0.3576684 1.545106 -0.3330805 355.7596 36.44628 3.852492 -0.3840284 1.542897 -0.3134098 355.7596 36.44628 3.852492 -0.3313085 1.547315 -0.3527512 355.7596 36.44628 3.852492 5.485117 31.98307 0 5.669236 28.48358 0 0.5 0.5
210 23.16578 -0.3845869 1.536691 -0.3110921 358.7531 24.52577 3.410838 -0.4145063 1.53473 -0.2973939 358.7531 24.52577 3.410838 -0.3546674 1.538651 -0.3247904 358.7531 24.52577 3.410838 5.399194 27.39658 1.071973E-07 5.607699 23.85281 -2.144698E-07 0.5 0.5
211 23.33245 -0.3755447 1.540312 -0.3118169 359.6505 7.08393 5.017467 -0.4081301 1.537429 -0.3077498 359.6505 7.08393 5.017467 -0.3429593 1.543195 -0.3158841 359.6505 7.08393 5.017467 7.877653 7.404071 -1.077384E-07 8.151855 3.870672 2.695277E-08 0.5 0.5
212 23.49911 -0.389551 1.538247 -0.3108175 0.886475 348.0345 6.2666 -0.4215952 1.534649 -0.3176654 0.886475 348.0345 6.2666 -0.3575069 1.541845 -0.3039696 0.886475 348.0345 6.2666 8.638319 352.0196 0 9.068127 348.0413 1.080724E-07 0.5 0.5
213 23.66027 -0.4106776 1.537385 -0.321777 1.300209 336.1958 6.468927 -0.4406119 1.533672 -0.3350743 1.300209 336.1958 6.468927 -0.3807434 1.541098 -0.3084797 1.300209 336.1958 6.468927 8.56846 337.7883 2.158526E-07 8.92588 334.4773 -2.160599E-07 0.5 0.5
214 23.82693 -0.4343688 1.536809 -0.3447229 1.805336 323.62 7.784916 -0.4605805 1.532346 -0.3642085 1.805336 323.62 7.784916 -0.408157 1.541272 -0.3252373 1.805336 323.62 7.784916 8.852483 326.5707 2.160166E-07 9.319907 323.0402 0 0.5 0.5
215 23.97283 -0.4480885 1.537041 -0.3619515 1.761215 317.7484 8.010929 -0.4721557 1.53245 -0.3840047 1.761215 317.7484 8.01093 -0.4240212 1.541633 -0.3398983 1.761215 317.7484 8.01093 7.365387 309.9835 0 7.732046 306.8925 2.154018E-07 0.5 0.5
216 24.128 -0.4672292 1.535655 -0.3793139 2.373408 311.7557 9.358088 -0.4887244 1.530299 -0.4037257 2.373408 311.7557 9.358088 -0.445734 1.54101 -0.354902 2.373408 311.7557 9.358088 6.779706 311.2313 2.149464E-07 7.396945 307.2662 0 0.5 0.5
217 24.27912 -0.483971 1.533727 -0.3917103 3.142333 306.8337 11.71028 -0.5030282 1.527046 -0.4177651 3.142333 306.8337 11.71028 -0.4649138 1.540407 -0.3656554 3.142333 306.8337 11.71028 8.046754 312.5118 0 8.961932 308.1388 0 0.5 0.5
218 24.43555 -0.4959424 1.532612 -0.4071568 3.303778 296.0319 12.87027 -0.5096659 1.525282 -0.4362186 3.303778 296.0319 12.87027 -0.4822188 1.539943 -0.3780949 3.303778 296.0319 12.87027 4.999313 289.3441 0 5.879237 285.1991 2.145721E-07 0.5 0.5
219 24.57966 -0.4995047 1.532502 -0.4107567 3.165352 287.287 12.80975 -0.5086713 1.525205 -0.4415688 3.165352 287.287 12.80975 -0.4903382 1.5398 -0.3799447 3.165352 287.287 12.80975 8.530223 285.2889 0 9.230717 282.012 0 0.5 0.5
220 24.72096 -0.5015804 1.531356 -0.4076537 4.269996 283.257 12.07415 -0.5084729 1.52448 -0.4391477 4.269996 283.257 12.07415 -0.494688 1.538233 -0.3761597 4.269996 283.257 12.07415 10.74347 280.7374 -4.345029E-07 11.4289 277.2114 0 0.5 0.5
221 24.8739 -0.5048512 1.528148 -0.4045784 7.1595 280.6969 12.1313 -0.5099849 1.521275 -0.4364071 7.1595 280.6969 12.1313 -0.4997176 1.535022 -0.3727498 7.1595 280.6969 12.1313 13.0127 271.5356 0 13.53475 268.4094 -8.781619E-07 0.5 0.5
222 25.003 -0.5126384 1.525698 -0.40737 8.828339 277.1992 10.96281 -0.5157396 1.519503 -0.4395984 8.828339 277.1992 10.96281 -0.5095372 1.531893 -0.3751416 8.828339 277.1992 10.96281 13.22487 274.3762 -8.770328E-07 13.83209 270.8058 0 0.5 0.5
223 25.14514 -0.525821 1.521722 -0.4091848 10.54561 278.5148 10.77489 -0.5295004 1.515664 -0.4413782 10.54561 278.5148 10.77489 -0.5221416 1.527781 -0.3769914 10.54561 278.5148 10.77489 13.10889 285.6626 0 13.89558 281.8877 0 0.5 0.5
224 25.28119 -0.5358164 1.523605 -0.422343 10.15974 272.0402 9.510131 -0.5360137 1.518244 -0.4548681 10.15974 272.0402 9.510131 -0.5356191 1.528966 -0.3898178 10.15974 272.0402 9.510131 10.84986 259.9646 8.693137E-07 11.26658 256.6094 -8.705502E-07 0.5 0.5
225 25.42345 -0.5289222 1.524051 -0.4323841 10.04141 267.5316 7.73035 -0.526743 1.519685 -0.4649855 10.04141 267.5316 7.73035 -0.5311014 1.528417 -0.3997827 10.04141 267.5316 7.73035 13.53186 267.8263 4.390756E-07 13.964 264.4168 8.797731E-07 0.5 0.5
226 25.5507 -0.4991596 1.523724 -0.4194704 9.193712 275.3737 5.889723 -0.5016924 1.520385 -0.4521674 9.193712 275.3737 5.889723 -0.4966268 1.527063 -0.3867733 9.193712 275.3737 5.889723 12.17394 291.5237 8.734152E-07 12.68754 288.4099 0 0.5 0.5
227 25.67922 -0.4635053 1.524299 -0.384743 6.805692 293.7521 6.137215 -0.4763245 1.5208 -0.4149107 6.805692 293.7521 6.137215 -0.4506862 1.527798 -0.3545754 6.805692 293.7521 6.137215 5.268363 312.7272 2.143489E-07 5.682832 309.8743 -2.144976E-07 0.5 0.5
228 25.81672 -0.4491609 1.523003 -0.3654699 5.905407 303.9309 5.875749 -0.4671767 1.519647 -0.3928711 5.905407 303.9309 5.875749 -0.431145 1.52636 -0.3380687 5.905407 303.9309 5.875749 9.288733 312.1424 6.488381E-07 9.746498 308.3636 4.331385E-07 0.5 0.5
229 25.9456 -0.4676758 1.525096 -0.346469 4.358757 311.3874 5.455945 -0.4891927 1.521971 -0.3712463 4.358757 311.3874 5.455945 -0.4461588 1.528221 -0.3216917 4.358757 311.3874 5.455945 7.04264 320.679 -2.15066E-07 7.442943 317.1357 6.457713E-07 0.5 0.5
230 26.0742 -0.5093212 1.529516 -0.3216638 2.564562 318.7516 5.381137 -0.5339054 1.526427 -0.3434064 2.564562 318.7516 5.381137 -0.4847369 1.532604 -0.2999213 2.564562 318.7516 5.381137 8.138356 322.6804 -2.156148E-07 8.51119 318.9095 0 0.5 0.5
231 26.20837 -0.5618824 1.529258 -0.2948532 2.365454 323.9366 5.97831 -0.5883015 1.525827 -0.3142677 2.365454 323.9366 5.97831 -0.5354633 1.532688 -0.2754386 2.365454 323.9366 5.97831 9.04213 322.0508 -2.161293E-07 9.374467 318.4968 -4.326651E-07 0.5 0.5
232 26.33518 -0.6001183 1.523731 -0.2636156 5.491841 332.3922 6.054665 -0.6290123 1.52027 -0.2791016 5.491841 332.3922 6.054665 -0.5712242 1.527192 -0.2481297 5.491841 332.3922 6.054665 10.64725 351.6156 0 11.0618 349.2078 0 0.5 0.5
233 26.46244 -0.6193584 1.518402 -0.2359527 7.640106 340.7863 6.064643 -0.6501601 1.51495 -0.2471776 7.640106 340.7863 6.064643 -0.5885566 1.521854 -0.2247277 7.640106 340.7863 6.064643 11.94558 354.3748 5.454197E-08 12.48635 350.8276 1.093071E-07 0.5 0.5
234 26.59167 -0.6059548 1.517267 -0.2243676 8.844591 346.2989 6.093161 -0.637673 1.51381 -0.232654 8.844591 346.2989 6.093161 -0.5742366 1.520725 -0.2160811 8.844591 346.2989 6.093161 11.19438 3.285192 0 11.73666 359.9499 0 0.5 0.5
235 26.72702 -0.5758566 1.522499 -0.2222591 8.454035 348.3308 5.822355 -0.6078738 1.519191 -0.2293736 8.454035 348.3308 5.822355 -0.5438393 1.525807 -0.2151445 8.454035 348.3308 5.822355 13.78708 1.727894 1.373597E-08 14.29091 358.3694 1.376621E-08 0.5 0.5
236 26.85223 -0.5508556 1.521968 -0.2232606 8.236664 349.0884 5.418573 -0.5829952 1.518887 -0.2299106 8.236664 349.0884 5.418573 -0.5187161 1.525049 -0.2166106 8.236664 349.0884 5.418573 14.54045 1.228746 -2.756326E-08 14.97639 358.0869 -2.761856E-08 0.5 0.5
237 26.98222 -0.5337498 1.521997 -0.2224422 8.486184 350.1665 4.994246 -0.5660344 1.519159 -0.228468 8.486184 350.1665 4.994246 -0.5014651 1.524836 -0.2164164 8.486184 350.1665 4.994246 12.14106 5.394049 5.458169E-08 12.60675 2.042637 2.733955E-08 0.5 0.5
238 27.10982 -0.5259961 1.520836 -0.224483 8.968109 351.0221 4.514034 -0.5583927 1.518274 -0.2300107 8.968109 351.0221 4.514034 -0.4935995 1.523399 -0.2189552 8.968109 351.0221 4.514034 12.51287 5.736525 5.465915E-08 12.95138 2.364354 0 0.5 0.5
239 27.24156 -0.5235815 1.519736 -0.2298573 9.415623 351.8379 4.337128 -0.5560608 1.517277 -0.2349277 9.415623 351.8379 4.337128 -0.4911022 1.522196 -0.2247869 9.415623 351.8379 4.337128 13.23243 5.194487 0 13.64563 1.813748 0 0.5 0.5
240 27.36464 -0.5223872 1.520199 -0.2361711 9.132315 352.3748 4.371711 -0.5549123 1.517718 -0.2409278 9.132315 352.3748 4.371711 -0.4898621 1.52268 -0.2314143 9.132315 352.3748 4.371711 13.44865 4.44822 0 13.844 1.070816 -1.373933E-08 0.5 0.5
