#Frame, Timer, HeadX, HeadY, HeadZ, HeadRX, HeadRY, HeadRZ, LHandX, LHandY, LHandZ, LHandRX, LHandRY, LHandRZ, RHandX, RHandY, RHandZ, RHandRX, RHandRY, RHandRZ, LEyeRX, LEyeRY, LEyeRZ, REyeRX, REyeRY, REyeRZ, LEyeConf, REyeConf
1 0.1666667 0.6585252 1.48815 0.9232067 3.589376 212.3909 4.234691 0.6867636 1.485686 0.9054754 3.589376 212.3909 4.234691 0.6302867 1.490614 0.9409381 3.589376 212.3909 4.234691 13.24781 216.9349 4.385577E-07 13.61131 212.4592 4.392225E-07 0.5 0.5
2 0.3333333 0.6521196 1.492241 0.9239069 359.5634 219.4872 1.876835 0.6779043 1.491146 0.9026505 359.5634 219.4872 1.876835 0.626335 1.493336 0.9451632 359.5634 219.4872 1.876835 349.09 213.0007 -6.521167E-07 349.2998 209.4687 -2.172204E-07 0.5 0.5
3 0.5 0.59079 1.500061 0.9243534 356.1737 211.0499 0.6512202 0.6194193 1.499682 0.9070876 356.1737 211.0499 0.6512202 0.5621608 1.50044 0.9416191 356.1737 211.0499 0.6512202 349.5366 207.117 2.170528E-07 349.6362 203.7674 -2.169835E-07 0.5 0.5
4 0.6666667 0.3231527 1.482719 0.9486033 11.12635 203.0276 7.086193 0.3539996 1.478672 0.9363569 11.12635 203.0276 7.086193 0.2923058 1.486766 0.9608496 11.12635 203.0276 7.086193 14.76721 204.088 2.207344E-07 15.12854 200.9129 0 0.5 0.5
5 0.8333334 0.2790253 1.486717 0.9426757 7.987056 206.6806 5.148262 0.3089667 1.483746 0.928096 7.987056 206.6806 5.148262 0.2490839 1.489688 0.9572554 7.987056 206.6806 5.148262 9.417456 206.5449 2.163594E-07 9.683098 203.4165 2.165282E-07 0.5 0.5
6 1 0.1697423 1.486863 0.9541504 7.151958 204.9524 7.63868 0.2000207 1.482453 0.9406723 7.151958 204.9524 7.63868 0.139464 1.491273 0.9676285 7.151958 204.9524 7.63868 8.396547 203.2873 0 8.760705 200.1798 4.319261E-07 0.5 0.5
7 1.166667 0.07777935 1.493559 0.9826887 9.542859 189.8791 6.480987 0.1106152 1.489837 0.9776053 9.542859 189.8791 6.480987 0.04494353 1.49728 0.9877721 9.542859 189.8791 6.480987 13.65817 195.65 -2.196549E-07 14.05893 192.4999 2.200342E-07 0.5 0.5
8 1.333333 0.1132164 1.49555 1.023969 9.008547 171.863 1.323941 0.1462886 1.494787 1.02882 9.008547 171.863 1.323941 0.08014415 1.496313 1.019119 9.008547 171.863 1.323941 10.33259 167.6002 -2.169618E-07 10.3306 164.2265 -2.169605E-07 0.5 0.5
9 1.5 0.1444758 1.499264 1.063074 6.981072 147.1286 2.122959 0.1724564 1.498034 1.081335 6.981072 147.1286 2.122959 0.1164952 1.500493 1.044813 6.981072 147.1286 2.122959 6.539311 142.0459 0 6.62594 138.2526 0 0.5 0.5
10 1.666667 0.1439768 1.50504 1.076504 3.096769 127.6493 2.55706 0.1643156 1.503551 1.102999 3.096769 127.6493 2.55706 0.1236381 1.50653 1.050008 3.096769 127.6493 2.55706 3.510707 134.6972 2.138447E-07 3.683481 131.3755 0 0.5 0.5
11 1.833333 0.1348173 1.507556 1.060633 1.553935 134.6316 2.624903 0.1582525 1.506026 1.084431 1.553935 134.6316 2.624903 0.111382 1.509087 1.036835 1.553935 134.6316 2.624903 5.242457 134.9182 4.2868E-07 5.387304 131.5939 -4.287808E-07 0.5 0.5
12 2 0.135461 1.520595 1.055151 350.0738 129.9056 0.9960315 0.1569838 1.520022 1.080731 350.0738 129.9056 0.9960315 0.1139382 1.521167 1.029572 350.0738 129.9056 0.9960315 346.912 130.4834 -4.382715E-07 346.9941 127.0765 4.381261E-07 0.5 0.5
13 2.166667 0.1293328 1.528288 1.052725 341.7901 126.1846 359.7253 0.1490316 1.52844 1.07974 341.7901 126.1846 359.7253 0.109634 1.528135 1.02571 341.7901 126.1846 359.7253 335.7482 126.3274 -1.872826E-06 335.7776 122.4616 9.361967E-07 0.5 0.5
14 2.333333 0.1248665 1.525951 1.044622 344.0016 127.5846 359.4461 0.1451879 1.526262 1.071171 344.0016 127.5846 359.4461 0.1045452 1.525641 1.018074 344.0016 127.5846 359.4461 331.915 127.4295 -9.677231E-07 331.9282 123.9965 0 0.5 0.5
15 2.5 0.1062847 1.514258 1.023188 355.3261 152.231 0.3724872 0.1358766 1.514041 1.038749 355.3261 152.231 0.3724872 0.07669292 1.514474 1.007627 355.3261 152.231 0.3724872 351.7368 158.6645 -3.235238E-07 351.6977 155.3108 -2.15704E-07 0.5 0.5
16 2.666667 0.07562214 1.509866 1.0243 358.2817 177.6225 2.323416 0.1090024 1.508511 1.025645 358.2817 177.6225 2.323416 0.04224193 1.51122 1.022954 358.2817 177.6225 2.323416 358.8972 181.7712 -1.667835E-09 359.0533 177.7809 -3.335509E-09 0.5 0.5
17 2.833333 0.06605008 1.508737 1.031119 359.2408 189.9249 3.446737 0.09892033 1.506727 1.025341 359.2408 189.9249 3.446737 0.03317983 1.510747 1.036898 359.2408 189.9249 3.446737 0.9832076 193.6651 -1.334218E-08 1.219044 189.6796 2.001485E-08 0.5 0.5
18 3 0.0751842 1.505119 1.034476 2.430516 195.599 3.667518 0.1073459 1.502982 1.025591 2.430516 195.599 3.667518 0.04302248 1.507255 1.043361 2.430516 195.599 3.667518 11.32577 206.6666 2.176825E-07 11.66397 203.1302 0 0.5 0.5
19 3.166667 0.07408002 1.492728 1.044546 5.953789 213.8208 1.757872 0.1019032 1.491708 1.026033 5.953789 213.8208 1.757872 0.04625687 1.493748 1.063058 5.953789 213.8208 1.757872 13.46672 223.1064 0 13.68025 219.9353 0 0.5 0.5
20 3.333334 0.07355821 1.477506 1.053956 12.98284 224.0389 2.039502 0.09776398 1.476347 1.030921 12.98284 224.0389 2.039502 0.04935244 1.478665 1.076991 12.98284 224.0389 2.039502 19.75538 226.2147 0 19.8906 222.4775 0 0.5 0.5
21 3.5 0.0532642 1.473685 1.059204 15.62936 234.5293 4.303868 0.07316175 1.471268 1.032444 15.62936 234.5293 4.303868 0.03336665 1.476101 1.085965 15.62936 234.5293 4.303868 20.6911 243.247 9.126398E-07 21.12913 239.2663 -9.153095E-07 0.5 0.5
22 3.666667 -0.01423582 1.480156 1.066077 13.57741 240.5343 7.332998 0.002948532 1.476008 1.037698 13.57741 240.5343 7.332998 -0.03142018 1.484304 1.094457 13.57741 240.5343 7.332998 23.08667 244.5166 1.856205E-06 23.57765 240.7514 -2.794619E-06 0.5 0.5
23 3.833334 -0.08753166 1.486452 1.09372 10.57927 259.2748 9.056328 -0.08043769 1.481279 1.061458 10.57927 259.2748 9.056328 -0.09462562 1.491626 1.125981 10.57927 259.2748 9.056328 9.498852 265.9259 0 10.03724 262.8332 4.33522E-07 0.5 0.5
24 4 -0.1001034 1.492653 1.114297 3.933151 277.4946 9.661123 -0.104021 1.487056 1.081568 3.933151 277.4946 9.661123 -0.09618582 1.498251 1.147026 3.933151 277.4946 9.661123 358.9326 278.9444 0 359.4858 275.679 -5.3363E-08 0.5 0.5
25 4.166667 -0.08541159 1.502325 1.115434 354.5807 289.8568 10.05071 -0.09711243 1.496516 1.084657 354.5807 289.8568 10.05071 -0.07371075 1.508134 1.146211 354.5807 289.8568 10.05071 342.9974 292.3795 0 343.4962 289.2516 -8.904598E-07 0.5 0.5
26 4.333333 -0.1050743 1.507214 1.110463 347.8244 298.7276 8.713483 -0.1218958 1.502262 1.081996 347.8244 298.7276 8.713483 -0.08825269 1.512165 1.138931 347.8244 298.7276 8.713483 334.9574 300.4497 9.423619E-07 335.3835 297.4119 0 0.5 0.5
27 4.5 -0.1836804 1.508243 1.092342 332.4607 289.1312 13.44959 -0.1977345 1.501348 1.062798 332.4607 289.1312 13.44959 -0.1696263 1.515139 1.121885 332.4607 289.1312 13.44959 319.6274 288.4286 2.241321E-06 320.2725 285.1887 4.440416E-06 0.5 0.5
28 4.666667 -0.2235999 1.515339 1.056262 326.7782 298.2462 13.13524 -0.2426764 1.508983 1.029549 326.7782 298.2462 13.13524 -0.2045233 1.521695 1.082975 326.7782 298.2462 13.13524 319.0604 298.7085 -2.260452E-06 319.6723 295.3516 0 0.5 0.5
29 4.833333 -0.2187005 1.519563 1.013167 331.8047 335.0812 5.403733 -0.2495148 1.516788 1.000492 331.8047 335.0812 5.403733 -0.1878863 1.522338 1.025842 331.8047 335.0812 5.403733 333.1246 349.0456 0 333.1046 345.828 -4.786619E-07 0.5 0.5
30 4.875927 -0.2022923 1.514449 1.008623 343.8713 357.5048 1.864485 -0.2356908 1.513404 1.00747 343.8713 357.5048 1.864485 -0.1688938 1.515494 1.009775 343.8713 357.5048 1.864485 336.2788 354.3066 1.165703E-07 336.2702 351.1696 2.33156E-07 0.5 0.5
31 5.042593 -0.2313171 1.520631 0.9947996 344.8252 321.3271 5.849651 -0.2578419 1.517342 0.9747123 344.8252 321.3271 5.849651 -0.2047922 1.523919 1.014887 344.8252 321.3271 5.849651 350.342 331.4789 -2.165121E-07 350.649 327.6974 0 0.5 0.5
32 5.089596 -0.2650572 1.514084 0.9546331 355.2685 249.9677 10.33159 -0.2542546 1.508108 0.923561 355.2685 249.9677 10.33159 -0.2758599 1.52006 0.9857051 355.2685 249.9677 10.33159 350.9063 303.3121 0 351.3996 299.7574 -4.317416E-07 0.5 0.5
33 5.256262 -0.2397624 1.508051 0.9621564 359.2953 209.4661 9.086088 -0.2110497 1.502771 0.9458594 359.2953 209.4661 9.086089 -0.268475 1.513331 0.9784535 359.2953 209.4661 9.086089 355.8838 219.3244 1.069977E-07 356.2984 216.6867 -2.138896E-07 0.5 0.5
34 5.311312 -0.2511323 1.502701 0.9856939 4.088399 204.0418 6.861575 -0.2207007 1.498717 0.9724301 4.088399 204.0418 6.861575 -0.2815639 1.506685 0.9989576 4.088399 204.0418 6.861575 356.1502 216.1677 1.069631E-07 356.5123 213.0984 1.069197E-07 0.5 0.5
35 5.477979 -0.2693465 1.500621 1.004105 6.818928 191.5364 5.065056 -0.236645 1.49769 0.9977875 6.818928 191.5364 5.065056 -0.302048 1.503552 1.010422 6.818928 191.5364 5.065056 3.899925 193.101 2.674235E-08 4.229506 189.3403 8.025984E-08 0.5 0.5
36 5.535692 -0.2928995 1.493914 0.9973512 11.00752 185.7088 5.168906 -0.2597087 1.490957 0.9946111 11.00752 185.7088 5.168906 -0.3260904 1.49687 1.000091 11.00752 185.7088 5.168906 8.789752 180.9905 0 8.985068 177.8641 0 0.5 0.5
37 5.702358 -0.2996848 1.487819 0.9611909 11.74977 178.4962 1.936236 -0.2662866 1.486713 0.9622979 11.74977 178.4962 1.936236 -0.3330829 1.488925 0.960084 11.74977 178.4962 1.936236 12.0957 175.8589 -2.728621E-08 12.15845 172.4639 -5.458526E-08 0.5 0.5
38 5.772381 -0.2904846 1.487435 0.9204215 10.40217 174.585 1.766056 -0.2572325 1.486422 0.9237605 10.40217 174.585 1.766056 -0.3237368 1.488449 0.9170826 10.40217 174.585 1.766056 12.33213 174.7522 0 12.37084 171.5847 0 0.5 0.5
39 5.939048 -0.2998981 1.489464 0.8768291 9.391578 174.8483 359.0707 -0.2665949 1.489999 0.8797428 9.391578 174.8483 359.0707 -0.3332014 1.488929 0.8739155 9.391578 174.8483 359.0707 12.37441 176.6313 -2.731501E-08 12.32224 173.2376 -1.092383E-07 0.5 0.5
40 6.008998 -0.3300579 1.491395 0.8650398 15.0375 180.101 3.011689 -0.2966685 1.489698 0.8654367 15.0375 180.101 3.011689 -0.3634472 1.493091 0.8646429 15.0375 180.101 3.011689 16.36134 178.2597 -2.780646E-08 16.36254 175.04 -5.561327E-08 0.5 0.5
41 6.175665 -0.3575425 1.462273 0.8705955 29.25118 202.2677 5.433149 -0.326154 1.459511 0.8594144 29.25118 202.2677 5.433149 -0.3889309 1.465035 0.8817766 29.25118 202.2677 5.433149 33.16991 216.5933 1.019977E-06 33.71993 213.7839 1.026465E-06 0.5 0.5
42 6.247731 -0.3484478 1.443712 0.8814659 35.39643 214.6217 9.213495 -0.3195269 1.439348 0.8652666 35.39643 214.6217 9.213495 -0.3773687 1.448076 0.8976653 35.39643 214.6217 9.213495 38.65274 220.7273 -1.093256E-06 39.35523 216.588 -1.104166E-06 0.5 0.5
43 6.414397 -0.3387542 1.422128 0.88291 38.89878 217.2959 9.739346 -0.3103876 1.417726 0.8657683 38.89878 217.2959 9.739346 -0.3671209 1.42653 0.9000518 38.89878 217.2959 9.739346 42.93611 228.4141 2.332352E-06 43.83347 224.0402 0 0.5 0.5
44 6.489233 -0.349104 1.402331 0.8705165 46.724 216.7169 11.99924 -0.3198627 1.397566 0.8550206 46.724 216.7169 11.99924 -0.3783453 1.407096 0.8860124 46.724 216.7169 11.99924 47.34876 226.4225 -5.040477E-06 48.25347 221.6837 0 0.5 0.5
45 6.6559 -0.3992375 1.399075 0.8299346 48.51304 208.272 14.39592 -0.3677663 1.393568 0.8200794 48.51304 208.272 14.39592 -0.4307087 1.404581 0.8397897 48.51304 208.272 14.39592 54.40444 217.5912 0 55.49685 212.1849 -3.014463E-06 0.5 0.5
46 6.751438 -0.4261005 1.403514 0.8100019 47.32008 206.9158 13.91241 -0.3944869 1.398064 0.8005803 47.32008 206.9158 13.91241 -0.457714 1.408963 0.8194235 47.32008 206.9158 13.91241 54.56109 216.7056 -1.472444E-06 55.65722 211.2869 1.5134E-06 0.5 0.5
47 6.918105 -0.4230464 1.411236 0.7818528 44.00642 197.1016 12.22515 -0.3903682 1.406144 0.7769449 44.00642 197.1016 12.22515 -0.4557246 1.416328 0.7867607 44.00642 197.1016 12.22515 54.73486 187.751 0 54.78025 182.0655 9.25257E-08 0.5 0.5
48 7.029557 -0.4070283 1.414891 0.7640412 42.67074 172.9569 6.169498 -0.3743366 1.412249 0.7705341 42.67074 172.9569 6.169498 -0.4397199 1.417533 0.7575483 42.67074 172.9569 6.169498 56.16815 167.7331 0 55.9215 161.5609 0 0.5 0.5
49 7.196224 -0.4007862 1.430281 0.7627439 34.74405 161.668 7.789512 -0.3701534 1.426557 0.7756144 34.74405 161.668 7.789512 -0.431419 1.434004 0.7498735 34.74405 161.668 7.789512 41.7638 166.484 0 42.35959 161.508 5.777088E-07 0.5 0.5
50 7.301243 -0.3628346 1.459058 0.7723615 19.13365 163.7187 9.180752 -0.331642 1.454018 0.7832934 19.13365 163.7187 9.180752 -0.3940272 1.464097 0.7614297 19.13365 163.7187 9.180752 19.03959 166.9099 0 19.6034 163.4418 0 0.5 0.5
51 7.467909 -0.2352853 1.486771 0.7842197 6.64291 168.8194 7.231391 -0.2028404 1.48259 0.7911288 6.64291 168.8194 7.231391 -0.2677302 1.490951 0.7773106 6.64291 168.8194 7.231391 8.859092 170.7695 -1.080103E-07 9.284846 167.439 0 0.5 0.5
52 7.585355 -0.1601427 1.502652 0.7769154 359.7757 174.3583 7.438745 -0.1271482 1.498324 0.7801578 359.7757 174.3583 7.438745 -0.1931371 1.506981 0.7736731 359.7757 174.3583 7.438745 0.80462 175.9455 -6.670764E-09 1.217249 172.8781 0 0.5 0.5
53 7.752021 -0.1426437 1.502701 0.7495143 359.5194 174.604 8.725903 -0.1097384 1.497628 0.7525797 359.5194 174.604 8.725903 -0.175549 1.507773 0.7464489 359.5194 174.604 8.725903 1.681467 176.7131 -3.33649E-09 2.186681 173.4357 1.334993E-08 0.5 0.5
54 7.870945 -0.09766375 1.497409 0.7403952 3.932107 175.1023 8.692805 -0.06476332 1.492367 0.7435622 3.932107 175.1023 8.692805 -0.1305642 1.50245 0.7372282 3.932107 175.1023 8.692805 5.506847 171.4739 0 5.916917 168.6198 -5.364666E-08 0.5 0.5
55 8.037612 0.06723663 1.493734 0.7133425 8.09044 173.6656 4.49513 0.1003244 1.491139 0.7173866 8.09044 173.6656 4.49513 0.03414889 1.496328 0.7092985 8.09044 173.6656 4.49513 9.878718 173.984 -5.416393E-08 10.10097 170.8531 0 0.5 0.5
56 8.164342 0.1241655 1.491791 0.6858166 10.65871 173.1497 5.593743 0.1571317 1.488588 0.6903841 10.65871 173.1497 5.593743 0.09119944 1.494994 0.6812492 10.65871 173.1497 5.593743 13.11916 168.64 1.095818E-07 13.36478 165.2402 -1.096924E-07 0.5 0.5
57 8.331009 0.1310955 1.486058 0.6486223 15.77268 171.5944 7.904195 0.1636742 1.481633 0.6546997 15.77268 171.5944 7.904195 0.09851685 1.490483 0.6425449 15.77268 171.5944 7.904195 24.62593 174.4486 1.173995E-07 25.06664 171.112 0 0.5 0.5
58 8.449162 0.141269 1.476045 0.6323275 18.44564 170.0741 8.953619 0.1735182 1.471109 0.6396424 18.44564 170.0741 8.953619 0.1090198 1.480981 0.6250126 18.44564 170.0741 8.953619 26.88754 173.4274 0 27.42871 169.7981 2.404767E-07 0.5 0.5
59 8.615829 0.2234084 1.468224 0.6118473 19.56813 176.4551 9.232662 0.2562358 1.46317 0.6156811 19.56813 176.4551 9.232662 0.190581 1.473279 0.6080136 19.56813 176.4551 9.232662 24.04941 182.47 0 24.65014 179.1522 1.467778E-08 0.5 0.5
60 8.739525 0.3125154 1.471793 0.5747671 18.16051 184.7215 7.615294 0.3456565 1.467583 0.5734156 18.16051 184.7215 7.615294 0.2793743 1.476003 0.5761186 18.16051 184.7215 7.615294 23.97739 186.7737 -2.336019E-07 24.36121 183.6725 0 0.5 0.5
61 8.906192 0.3387957 1.472877 0.5558634 21.25879 187.4313 11.20207 0.3716226 1.466823 0.5539567 21.25878 187.4313 11.20207 0.3059688 1.47893 0.55777 21.25878 187.4313 11.20207 19.24765 191.5115 -4.521615E-07 19.90989 188.0538 0 0.5 0.5
62 9.045545 0.3454727 1.466978 0.5486611 23.26495 169.729 8.373701 0.377678 1.462505 0.5564516 23.26495 169.729 8.373701 0.3132674 1.471451 0.5408707 23.26495 169.729 8.373701 14.52528 165.2922 0 14.85287 162.3799 -2.208216E-07 0.5 0.5
63 9.212212 0.3646216 1.463653 0.5362502 24.10487 167.8327 8.202421 0.3965604 1.459299 0.5451295 24.10487 167.8327 8.202421 0.3326829 1.468007 0.527371 24.10487 167.8327 8.202421 17.3868 166.0883 0 17.83594 162.4125 0 0.5 0.5
64 9.363494 0.4124557 1.464826 0.5175403 23.44596 172.702 8.340569 0.4450237 1.460376 0.5236567 23.44596 172.702 8.340569 0.3798877 1.469275 0.511424 23.44596 172.702 8.340569 17.71754 169.7667 1.120357E-07 18.13944 166.0842 0 0.5 0.5
65 9.530161 0.4924544 1.466859 0.4871033 22.40174 176.4096 8.78854 0.5253099 1.462136 0.4911155 22.40174 176.4096 8.78854 0.459599 1.471582 0.4830911 22.40174 176.4096 8.78854 18.76587 173.1019 -1.127134E-07 19.2295 169.1564 1.130279E-07 0.5 0.5
66 9.681621 0.5052205 1.483394 0.4843631 10.20309 193.6324 12.12658 0.5372815 1.476482 0.4778678 10.20309 193.6324 12.12658 0.4731594 1.490307 0.4908585 10.20309 193.6324 12.12658 20.88414 191.3209 2.284519E-07 21.64665 187.3795 1.148191E-07 0.5 0.5
67 9.848288 0.5483315 1.503927 0.4864734 350.7295 202.5988 11.55535 0.5781589 1.497317 0.4728895 350.7295 202.5988 11.55535 0.5185041 1.510537 0.5000573 350.7295 202.5988 11.55535 355.3232 203.9284 0 356.0756 200.238 0 0.5 0.5
68 10.01495 0.5626394 1.506008 0.4611025 349.3562 204.9306 13.24031 0.5915565 1.498482 0.4461011 349.3562 204.9306 13.24031 0.5337223 1.513534 0.4761039 349.3562 204.9306 13.24031 354.8851 211.4939 2.142968E-07 355.6539 208.0505 0 0.5 0.5
69 10.18162 0.5588816 1.495675 0.4221783 357.6745 193.9618 15.67249 0.5900339 1.48665 0.4140556 357.6745 193.9618 15.67249 0.5277294 1.504699 0.430301 357.6745 193.9618 15.67249 0.4407965 193.3378 0 1.507993 189.4922 0 0.5 0.5
70 10.34829 0.6046178 1.506976 0.3884308 350.3148 191.6771 13.62399 0.6361711 1.499213 0.3805566 350.3148 191.6771 13.62399 0.5730644 1.514739 0.396305 350.3148 191.6771 13.62399 350.8728 189.3702 -5.404514E-08 351.6463 186.3382 0 0.5 0.5
71 10.51496 0.6692348 1.516805 0.3561915 340.8914 196.574 14.08058 0.699558 1.509119 0.3443885 340.8914 196.574 14.08058 0.6389116 1.524491 0.3679945 340.8914 196.574 14.08058 354.6276 200.4911 0 355.3724 197.3413 -1.070707E-07 0.5 0.5
72 10.68162 0.6967109 1.517993 0.3355056 337.4351 204.3289 14.40691 0.7249034 1.510311 0.3192558 337.4351 204.3289 14.40691 0.6685185 1.525675 0.3517554 337.4351 204.3289 14.40691 351.871 213.5186 0 352.6813 209.9654 2.151966E-07 0.5 0.5
73 10.84829 0.7033623 1.514891 0.3106659 339.2192 208.2263 14.23785 0.7305365 1.507203 0.2927679 339.2192 208.2263 14.23785 0.6761881 1.52258 0.3285639 339.2192 208.2263 14.23785 354.2115 216.4126 0 354.9831 213.0871 1.071321E-07 0.5 0.5
74 11.01496 0.7084705 1.49577 0.2804425 357.0048 206.3561 13.47394 0.7374245 1.48799 0.265643 357.0048 206.3561 13.47394 0.6795166 1.50355 0.295242 357.0048 206.3561 13.47394 12.74689 213.5409 -2.188368E-07 13.62343 209.9535 0 0.5 0.5
75 11.18162 0.6991088 1.472956 0.2423039 14.2241 191.8484 9.862598 0.7316366 1.467404 0.2369176 14.2241 191.8484 9.862598 0.6665811 1.478507 0.2476902 14.2241 191.8484 9.862598 31.91709 195.7622 5.029215E-07 32.51936 191.8335 0 0.5 0.5
76 11.34829 0.6637508 1.465404 0.2231176 24.00797 184.3597 9.793777 0.6967789 1.460209 0.2229202 24.00797 184.3597 9.793777 0.6307228 1.470599 0.2233149 24.00797 184.3597 9.793777 35.63892 188.4271 2.626333E-07 36.23783 184.4873 -1.323154E-07 0.5 0.5
77 11.51496 0.6570258 1.460365 0.2117156 24.64268 184.0168 10.82515 0.6899683 1.454657 0.2120271 24.64268 184.0168 10.82515 0.6240833 1.466073 0.2114042 24.64268 184.0168 10.82515 28.83479 190.1161 0 29.57682 186.4193 0 0.5 0.5
78 11.68162 0.666065 1.474374 0.2056494 21.89112 188.1332 10.45609 0.698934 1.468743 0.2032374 21.89112 188.1332 10.45609 0.6331961 1.480004 0.2080615 21.89112 188.1332 10.45609 28.66873 190.1897 2.432658E-07 29.31329 186.2314 -2.44787E-07 0.5 0.5
79 11.84829 0.6786329 1.475094 0.2114649 20.99075 190.3426 9.31897 0.7114385 1.47004 0.2074494 20.99075 190.3426 9.31897 0.6458272 1.480149 0.2154804 20.99075 190.3426 9.31897 27.0691 189.3212 2.397006E-07 27.52717 185.6384 -1.203458E-07 0.5 0.5
80 12.01496 0.6985626 1.474741 0.2132373 19.61299 192.1737 9.46153 0.73119 1.469564 0.208086 19.61299 192.1737 9.46153 0.6659353 1.479918 0.2183885 19.61299 192.1737 9.46153 27.04289 192.6906 4.792892E-07 27.58086 188.7796 0 0.5 0.5
81 12.18163 0.7108913 1.482235 0.2098469 16.57943 197.5712 7.897465 0.7428595 1.477832 0.2010987 16.57943 197.5712 7.897465 0.6789231 1.486638 0.2185951 16.57943 197.5712 7.897465 18.5532 199.783 4.50289E-07 19.04139 196.3163 -2.257984E-07 0.5 0.5
82 12.34829 0.658335 1.482224 0.2419558 14.25795 207.8321 5.707523 0.6881378 1.479002 0.2271473 14.25795 207.8321 5.707523 0.6285322 1.485447 0.2567644 14.25795 207.8321 5.707523 16.82806 214.9265 4.459849E-07 17.22787 211.7201 0 0.5 0.5
83 12.51496 0.5230265 1.475932 0.3879524 12.52975 203.9862 8.880354 0.553663 1.470894 0.3755466 12.52975 203.9862 8.880354 0.4923901 1.480971 0.4003582 12.52975 203.9862 8.880354 15.7487 207.907 4.435365E-07 16.29947 204.5088 6.671441E-07 0.5 0.5
84 12.68163 0.4849419 1.498435 0.4726322 7.038116 206.3103 6.235488 0.5149329 1.494831 0.4582993 7.038116 206.3103 6.235488 0.4549508 1.502039 0.486965 7.038116 206.3103 6.235488 11.20977 213.3785 0 11.70501 209.5698 -2.179762E-07 0.5 0.5
85 12.84829 0.4379435 1.496642 0.538662 6.202547 212.679 4.749707 0.4661507 1.493889 0.5209233 6.202547 212.679 4.749707 0.4097363 1.499394 0.5564007 6.202547 212.679 4.749707 12.15192 221.0419 -4.366713E-07 12.59962 216.7765 0 0.5 0.5
86 13.01496 0.3180353 1.488927 0.639625 5.738497 200.1534 8.714439 0.3492351 1.483886 0.628714 5.738497 200.1534 8.71444 0.2868355 1.493967 0.6505359 5.738497 200.1534 8.71444 11.7852 201.2604 0 12.23862 198.148 0 0.5 0.5
87 13.18163 0.274386 1.498481 0.6934568 7.62026 183.9145 6.490857 0.3075632 1.494735 0.6916889 7.62026 183.9145 6.490857 0.2412089 1.502227 0.6952246 7.62026 183.9145 6.490857 7.94278 172.992 0 8.210482 169.8779 0 0.5 0.5
88 13.34829 0.2737602 1.507205 0.7242492 4.403322 170.5928 1.912492 0.3067129 1.506092 0.7297956 4.403322 170.5928 1.912492 0.2408075 1.508318 0.7187028 4.403322 170.5928 1.912492 7.07797 159.4717 0 7.105901 156.5809 0 0.5 0.5
89 13.4562 0.2760339 1.506478 0.7380943 4.747354 165.8252 0.9431453 0.3084352 1.505929 0.746325 4.747354 165.8252 0.9431453 0.2436327 1.507026 0.7298637 4.747354 165.8252 0.9431453 7.365419 152.9917 0 7.326768 150.323 2.152005E-07 0.5 0.5
90 13.62287 0.2796377 1.506887 0.7476125 4.569858 164.0139 1.583614 0.311747 1.505966 0.7568878 4.569858 164.0139 1.583614 0.2475284 1.507808 0.7383372 4.569858 164.0139 1.583614 10.26211 153.5915 2.169133E-07 10.22973 150.233 -2.168912E-07 0.5 0.5
91 13.73314 0.2651929 1.508964 0.7461554 3.742498 179.5357 3.228173 0.2985725 1.507085 0.7465488 3.742498 179.5357 3.228173 0.2318133 1.510843 0.7457621 3.742498 179.5357 3.228173 11.60172 162.6617 0 11.61834 159.297 0 0.5 0.5
92 13.8998 0.2337211 1.513362 0.7603234 0.6358075 221.6504 5.635213 0.2586075 1.51008 0.7382378 0.6358075 221.6504 5.635213 0.2088348 1.516645 0.782409 0.6358075 221.6504 5.635213 5.027985 227.894 0 5.400985 224.3687 2.143953E-07 0.5 0.5
93 14.02423 0.2324594 1.516413 0.7673038 357.8571 240.815 7.829573 0.2484625 1.511862 0.7383026 357.8571 240.815 7.829573 0.2164562 1.520965 0.7963049 357.8571 240.815 7.829573 6.94633 243.8748 0 7.396842 240.6057 0 0.5 0.5
94 14.1909 0.2360903 1.515948 0.761507 357.6386 249.3103 8.434909 0.2475862 1.511047 0.7304955 357.6386 249.3103 8.434909 0.2245944 1.520848 0.7925185 357.6386 249.3103 8.434909 9.953575 254.949 0 10.52337 251.2477 0 0.5 0.5
95 14.3174 0.237608 1.515958 0.7566011 357.8997 247.412 8.123342 0.2501616 1.511237 0.7259743 357.8997 247.412 8.123342 0.2250543 1.52068 0.7872279 357.8997 247.412 8.123342 5.122178 237.9861 -2.142992E-07 5.563912 234.4758 2.144538E-07 0.5 0.5
96 14.48406 0.2395517 1.513688 0.7537022 358.1735 240.5918 6.993661 0.2557339 1.509619 0.7247286 358.1735 240.5918 6.993661 0.2233695 1.517757 0.7826757 358.1735 240.5918 6.993661 5.962358 233.6138 0 6.348386 229.8935 2.147603E-07 0.5 0.5
97 14.62147 0.2453368 1.512151 0.7717757 1.253194 230.6706 6.623229 0.2664509 1.508295 0.7461394 1.253194 230.6706 6.623229 0.2242228 1.516006 0.7974119 1.253194 230.6706 6.623229 8.908609 227.0843 -2.160497E-07 9.271296 223.5398 0 0.5 0.5
98 14.78814 0.2704784 1.505716 0.771036 4.07479 220.9739 4.993495 0.2957618 1.502813 0.7493516 4.07479 220.9739 4.993495 0.2451951 1.508619 0.7927203 4.07479 220.9739 4.993495 11.41324 217.98 4.354986E-07 11.6471 214.6268 0 0.5 0.5
99 14.92185 0.2838758 1.49463 0.7563392 3.941624 218.6177 4.8497 0.3100271 1.49181 0.7356984 3.941624 218.6177 4.8497 0.2577246 1.49745 0.77698 3.941624 218.6177 4.8497 10.32853 217.7335 0 10.5807 214.3878 4.342706E-07 0.5 0.5
100 15.08852 0.2345334 1.48885 0.7634218 7.535892 216.812 4.30327 0.2614232 1.486362 0.7437078 7.535892 216.812 4.30327 0.2076437 1.491337 0.7831357 7.535892 216.812 4.30327 13.89298 216.7584 0 14.12546 213.3375 0 0.5 0.5
101 15.23348 0.1471529 1.488024 0.7755713 8.045335 207.5593 7.303761 0.1768286 1.483815 0.7607551 8.045334 207.5593 7.303761 0.1174771 1.492232 0.7903875 8.045334 207.5593 7.303761 15.74285 213.5051 0 16.19102 210.1157 8.890351E-07 0.5 0.5
102 15.40014 0.08820176 1.48777 0.770797 8.507802 181.8491 9.171945 0.1212173 1.482499 0.77052 8.507802 181.8491 9.171945 0.05518622 1.493041 0.7710741 8.507802 181.8491 9.171945 11.79161 175.1493 0 12.13663 172.4703 1.091616E-07 0.5 0.5
103 15.54694 0.0798786 1.491579 0.7759189 9.856724 176.5721 5.746835 0.1130515 1.48828 0.7784801 9.856724 176.5721 5.746835 0.04670567 1.494877 0.7733577 9.856724 176.5721 5.746835 11.79984 169.113 1.090256E-07 12.01489 165.9584 0 0.5 0.5
104 15.71361 0.06449327 1.477671 0.7820639 14.28091 199.7129 5.486868 0.09609035 1.474573 0.7715802 14.28091 199.7129 5.486868 0.03289618 1.480769 0.7925476 14.28091 199.7129 5.486868 19.5622 200.9916 0 19.88035 197.9569 4.539394E-07 0.5 0.5
105 15.8548 0.01826057 1.467109 0.8116273 18.35429 229.762 6.016691 0.04058167 1.463783 0.7869577 18.35429 229.762 6.016691 -0.004060537 1.470436 0.8362968 18.35429 229.762 6.016691 20.50375 237.7455 9.11519E-07 20.98708 234.2379 0 0.5 0.5
106 16.02147 -0.01545423 1.463029 0.8331993 19.53722 236.8176 5.197133 0.003617266 1.460175 0.805886 19.53722 236.8176 5.197133 -0.03452573 1.465883 0.8605126 19.53722 236.8176 5.197133 22.16189 237.0202 1.843761E-06 22.42719 233.4468 9.236326E-07 0.5 0.5
107 16.17983 -0.07554246 1.462051 0.8359939 23.23487 236.9499 7.093406 -0.05608236 1.458257 0.809072 23.23487 236.9499 7.093406 -0.09500257 1.465845 0.8629159 23.23487 236.9499 7.093406 33.88268 248.5391 -2.056837E-06 34.6543 244.1799 -4.151597E-06 0.5 0.5
108 16.34649 -0.1386923 1.46179 0.8356461 25.52502 235.3435 9.66511 -0.1179597 1.456725 0.8099093 25.52502 235.3435 9.66511 -0.1594249 1.466856 0.8613829 25.52502 235.3435 9.66511 35.49034 246.8035 2.097174E-06 36.4941 242.1312 -2.124032E-06 0.5 0.5
109 16.49853 -0.1502292 1.459438 0.8325922 24.72457 235.042 10.8651 -0.129255 1.453713 0.8071916 24.72457 235.042 10.8651 -0.1712035 1.465162 0.8579928 24.72457 235.042 10.8651 33.99398 245.4668 0 35.069 240.6238 2.086291E-06 0.5 0.5
110 16.6652 -0.1557122 1.458697 0.8258032 23.65883 230.0779 10.40573 -0.13275 1.453166 0.8021384 23.65883 230.0779 10.40573 -0.1786745 1.464229 0.8494681 23.65883 230.0779 10.40573 32.5992 242.6749 0 33.61831 238.4341 0 0.5 0.5
111 16.83187 -0.159748 1.461969 0.8180942 22.66626 228.4834 9.57713 -0.13629 1.456836 0.7948292 22.66626 228.4834 9.57713 -0.183206 1.467102 0.8413591 22.66626 228.4834 9.57713 29.40472 243.6126 1.960054E-06 30.56407 239.0027 9.915366E-07 0.5 0.5
112 16.99853 -0.1673917 1.467832 0.8252025 18.92528 234.9684 10.51404 -0.1469011 1.462061 0.7994205 18.92528 234.9684 10.51404 -0.1878822 1.473603 0.8509846 18.92528 234.9684 10.51404 25.39972 250.596 -4.725664E-06 26.57491 246.4079 -1.90926E-06 0.5 0.5
113 17.1652 -0.1920696 1.482967 0.8612686 10.29724 256.3385 10.28888 -0.1832625 1.477091 0.8295543 10.29724 256.3385 10.28888 -0.2008767 1.488843 0.8929828 10.29724 256.3385 10.28888 7.515796 269.9147 -4.305861E-07 8.274268 266.419 0 0.5 0.5
114 17.33186 -0.1793259 1.490848 0.871693 6.237146 259.9584 9.757697 -0.1729743 1.485215 0.839354 6.237146 259.9584 9.757697 -0.1856775 1.496481 0.904032 6.237146 259.9584 9.757697 6.314542 267.9772 2.147463E-07 7.009971 264.2483 0 0.5 0.5
115 17.49853 -0.1395701 1.496537 0.8151256 2.716121 216.7858 8.646749 -0.1129546 1.491516 0.7955224 2.716121 216.7858 8.646749 -0.1661856 1.501558 0.8347289 2.716121 216.7858 8.646749 356.6334 210.5968 -5.34531E-08 357.2313 206.9006 -1.068464E-07 0.5 0.5
116 17.6652 -0.08301683 1.495805 0.7840191 2.296986 171.7713 11.99967 -0.05068922 1.488859 0.7889756 2.296986 171.7713 11.99967 -0.1153444 1.502751 0.7790625 2.296986 171.7713 11.99967 358.4233 178.7675 -1.668158E-09 359.1522 175.3011 0 0.5 0.5
117 17.72494 -0.02845762 1.492901 0.7671433 2.647248 170.0434 12.26724 0.003664944 1.485805 0.7731155 2.647248 170.0434 12.26724 -0.06058019 1.499998 0.7611712 2.647248 170.0434 12.26724 357.8923 178.4808 3.337311E-09 358.5777 175.2385 0 0.5 0.5
118 17.89161 0.08879322 1.497058 0.7417888 359.7766 174.8758 7.167582 0.1218356 1.492886 0.7447355 359.7766 174.8758 7.167582 0.05575087 1.50123 0.7388421 359.7766 174.8758 7.167582 356.7848 181.4047 -6.680621E-09 357.3006 177.2148 -6.677516E-09 0.5 0.5
119 17.94358 0.1758011 1.505305 0.7205954 357.7265 176.8069 8.900184 0.2087935 1.500136 0.7222305 357.7265 176.8069 8.900185 0.1428088 1.510474 0.7189603 357.7265 176.8069 8.900185 356.6078 181.0841 3.340906E-09 357.1058 177.1174 -6.678624E-09 0.5 0.5
120 18.11025 0.1838261 1.509505 0.7122566 359.1441 177.2516 10.47438 0.2166703 1.503427 0.7137423 359.1441 177.2516 10.47438 0.150982 1.515582 0.7107708 359.1441 177.2516 10.47438 353.8192 184.5105 -2.683643E-08 354.3024 180.9804 3.351611E-09 0.5 0.5
121 18.23017 0.202743 1.508592 0.7108471 358.5634 179.1552 9.774821 0.2356909 1.502918 0.7111906 358.5634 179.1552 9.774821 0.1697951 1.514267 0.7105036 358.5634 179.1552 9.774821 354.8245 184.6279 -1.339482E-08 355.5212 180.4585 3.345269E-09 0.5 0.5
122 18.39683 0.2967281 1.482262 0.7035354 11.73608 170.7149 11.6217 0.3288273 1.475668 0.7101715 11.73608 170.7149 11.6217 0.2646289 1.488857 0.6968994 11.73608 170.7149 11.6217 16.23386 176.5309 5.557677E-08 17.04976 172.5247 0 0.5 0.5
123 18.5635 0.4032552 1.473744 0.6811634 19.7138 164.2132 8.105762 0.4346747 1.469306 0.691699 19.7138 164.2132 8.105762 0.3718356 1.478182 0.6706277 19.7138 164.2132 8.105762 28.41769 165.738 4.853734E-07 28.89093 161.7926 -4.875691E-07 0.5 0.5
124 18.73017 0.4820017 1.444473 0.6433875 36.20734 156.1151 4.723167 0.5118109 1.442252 0.6583663 36.20734 156.1151 4.723167 0.4521926 1.446694 0.6284087 36.20734 156.1151 4.723167 49.57768 158.0148 -1.316706E-06 49.80965 152.7364 1.323005E-06 0.5 0.5
125 18.89683 0.5208958 1.404949 0.6169379 47.73949 139.8504 2.332642 0.5457816 1.404034 0.6392481 47.73949 139.8504 2.332642 0.4960101 1.405864 0.5946277 47.73949 139.8504 2.332642 59.15145 143.8271 -3.330041E-06 59.2423 137.0656 3.338909E-06 0.5 0.5
126 19.0635 0.5262025 1.402521 0.5909106 47.11849 141.9746 5.298174 0.5510342 1.40042 0.6132009 47.11849 141.9746 5.298174 0.5013708 1.404622 0.5686203 47.11849 141.9746 5.298174 63.6787 141.9241 -7.701983E-06 63.83142 134.2289 -3.871868E-06 0.5 0.5
127 19.23016 0.5317801 1.419327 0.5507977 35.69989 165.0102 10.15927 0.5626807 1.414538 0.5626342 35.69989 165.0102 10.15927 0.5008795 1.424116 0.5389612 35.69989 165.0102 10.15927 27.02802 177.8234 0 28.01538 174.2711 1.208871E-07 0.5 0.5
128 19.39683 0.5741929 1.452409 0.4664003 25.01962 196.041 7.936243 0.6065576 1.448226 0.4591264 25.01962 196.041 7.936243 0.5418283 1.456592 0.4736743 25.01962 196.041 7.936243 16.24362 201.9138 2.223181E-07 16.88786 198.5518 -6.691888E-07 0.5 0.5
129 19.5635 0.5665846 1.467177 0.4625974 18.92939 211.5996 9.589662 0.5956108 1.461908 0.446862 18.92939 211.5996 9.589662 0.5375584 1.472445 0.4783327 18.92939 211.5996 9.589662 16.98116 214.29 0 17.62898 210.4019 0 0.5 0.5
130 19.73016 0.5845758 1.483185 0.4660567 7.355061 220.4933 11.35387 0.6100519 1.476657 0.4454112 7.355061 220.4933 11.35387 0.5590997 1.489713 0.4867022 7.355061 220.4933 11.35387 359.8263 223.2826 1.334027E-08 0.4103984 220.3265 -1.334056E-08 0.5 0.5
131 19.89683 0.6309295 1.510171 0.4044683 352.3677 229.4255 11.13939 0.6516153 1.503769 0.378993 352.3677 229.4255 11.13939 0.6102436 1.516574 0.4299436 352.3677 229.4255 11.13939 358.8594 232.5239 0 359.6114 228.8412 2.668104E-08 0.5 0.5
132 20.06349 0.6768989 1.518249 0.3507607 343.1712 224.972 12.38373 0.6985348 1.511386 0.3262115 343.1712 224.972 12.38373 0.6552629 1.525113 0.3753099 343.1712 224.972 12.38373 357.4015 238.3951 0 358.1323 234.3887 -1.067784E-07 0.5 0.5
133 20.23016 0.7221001 1.514451 0.3213049 346.6608 194.8748 20.38056 0.7517019 1.503122 0.3106628 346.6608 194.8748 20.38056 0.6924983 1.525781 0.3319469 346.6608 194.8748 20.38056 359.4768 204.1986 0 0.6557325 200.755 0 0.5 0.5
134 20.39683 0.7277982 1.49561 0.3158201 352.7581 189.1543 22.68615 0.7579946 1.482817 0.3093075 352.7581 189.1543 22.68615 0.6976017 1.508402 0.3223327 352.7581 189.1543 22.68615 3.708982 200.5552 5.347285E-08 5.30094 196.7829 -5.359004E-08 0.5 0.5
135 20.56349 0.7441544 1.474524 0.2846138 5.738909 186.3114 21.49591 0.7752097 1.462334 0.2824115 5.738909 186.3114 21.49591 0.7130991 1.486714 0.286816 5.738909 186.3114 21.49591 17.37042 199.6545 0 18.999 196.0385 -2.257408E-07 0.5 0.5
136 20.73016 0.7406682 1.469881 0.2490973 12.5835 186.441 14.10169 0.7730898 1.46193 0.2472232 12.5835 186.441 14.10169 0.7082466 1.477831 0.2509715 12.5835 186.441 14.10169 27.32368 196.4097 9.60994E-07 28.4764 192.2525 0 0.5 0.5
137 20.89682 0.7475045 1.456362 0.2425427 21.98485 182.2027 10.39259 0.7804533 1.450769 0.2435349 21.98485 182.2027 10.39259 0.7145558 1.461954 0.2415504 21.98485 182.2027 10.39259 33.15355 194.4922 5.098933E-07 34.10171 190.559 0 0.5 0.5
138 21.06349 0.7545016 1.430669 0.242585 28.31211 171.2205 7.791317 0.7869115 1.426679 0.2497656 28.31211 171.2205 7.791317 0.7220918 1.43466 0.2354044 28.31211 171.2205 7.791317 41.65303 175.2991 -1.42832E-07 42.1348 170.6893 0 0.5 0.5
139 21.23016 0.7421356 1.424703 0.1986302 23.37503 165.8327 4.985469 0.7741486 1.422036 0.2079003 23.37503 165.8327 4.985469 0.7101225 1.42737 0.1893601 23.37503 165.8327 4.985469 26.7168 167.3045 -2.389543E-07 27.04905 162.851 4.793155E-07 0.5 0.5
140 21.39682 0.7477323 1.444971 0.179999 20.3129 165.3488 4.863701 0.7797145 1.442312 0.1893774 20.3129 165.3488 4.863701 0.7157502 1.447629 0.1706205 20.3129 165.3488 4.863701 23.16779 162.893 -4.643321E-07 23.38095 158.7992 0 0.5 0.5
141 21.56349 0.7450147 1.45532 0.1765803 19.281 169.2418 4.819432 0.7775726 1.452669 0.1837105 19.281 169.2418 4.819432 0.7124569 1.457972 0.16945 19.281 169.2418 4.819432 24.69689 166.3575 4.69865E-07 24.86491 162.7192 2.352508E-07 0.5 0.5
142 21.73015 0.7485297 1.459616 0.1854405 18.59713 171.1179 5.590461 0.7812461 1.456529 0.1916046 18.59713 171.1179 5.590462 0.7158134 1.462703 0.1792764 18.59713 171.1179 5.590462 25.7263 171.0281 2.369282E-07 26.01021 166.8837 2.374982E-07 0.5 0.5
143 21.89682 0.7342278 1.462287 0.1761844 18.51052 182.3349 4.678163 0.7675588 1.459702 0.1756918 18.51052 182.3349 4.678162 0.7008969 1.464873 0.176677 18.51052 182.3349 4.678162 27.01271 189.6396 2.395802E-07 27.40761 186.232 -2.404307E-07 0.5 0.5
144 22.04374 0.7208491 1.468439 0.1756782 16.61287 193.632 4.439114 0.7534189 1.465959 0.1685408 16.61287 193.632 4.439114 0.6882793 1.470919 0.1828156 16.61287 193.632 4.439114 25.13343 194.9452 2.357654E-07 25.38715 191.0997 0 0.5 0.5
145 22.21041 0.7102783 1.471854 0.1706594 15.64967 195.9277 4.326686 0.7425246 1.469425 0.1621646 15.64967 195.9277 4.326686 0.678032 1.474283 0.1791543 15.64967 195.9277 4.326686 26.44383 194.2163 -2.383853E-07 26.60503 190.5798 -2.387203E-07 0.5 0.5
146 22.37529 0.6999855 1.482553 0.1549942 12.06643 197.2417 1.720701 0.7319656 1.481572 0.1452889 12.06643 197.2417 1.720701 0.6680054 1.483535 0.1646995 12.06643 197.2417 1.720701 26.6195 197.1599 0 26.67187 193.0754 -2.388601E-07 0.5 0.5
147 22.54162 0.6529655 1.473063 0.23335 11.39509 195.715 3.145025 0.6852002 1.471265 0.2246566 11.39509 195.715 3.145025 0.6207308 1.474861 0.2420433 11.39509 195.715 3.145025 21.36268 200.8948 0 21.63862 196.4436 0 0.5 0.5
148 22.70829 0.5880913 1.465654 0.3740958 13.43192 188.3532 5.091769 0.6211409 1.462768 0.3699397 13.43192 188.3532 5.091769 0.5550416 1.46854 0.3782519 13.43192 188.3532 5.091769 20.57637 199.114 2.27988E-07 21.10873 195.1739 -2.287959E-07 0.5 0.5
149 22.87495 0.5749747 1.480916 0.4497568 10.94269 186.5913 2.992742 0.6081812 1.479202 0.4462534 10.94269 186.5913 2.992742 0.5417682 1.48263 0.4532602 10.94269 186.5913 2.992742 21.25994 193.0707 0 21.56303 189.1022 3.442584E-07 0.5 0.5
150 23.04162 0.6155641 1.512263 0.4836107 354.1842 184.6806 6.144501 0.6486663 1.508702 0.4805366 354.1842 184.6806 6.144501 0.5824619 1.515823 0.4866848 354.1842 184.6806 6.144501 353.1667 190.9518 -5.37426E-08 353.5154 187.1779 2.685222E-08 0.5 0.5
151 23.20828 0.6606448 1.536442 0.5181022 333.5089 193.4299 8.371638 0.6923145 1.532085 0.5083076 333.5089 193.4299 8.371638 0.6289752 1.540798 0.5278969 333.5089 193.4299 8.371638 344.7773 204.638 2.21205E-07 345.1131 201.057 0 0.5 0.5
152 23.37495 0.7084299 1.542447 0.527385 325.2734 204.077 9.632478 0.7372252 1.537849 0.5110274 325.2734 204.077 9.632478 0.6796346 1.547045 0.5437426 325.2734 204.077 9.632478 327.5945 217.8905 0 327.7573 213.9713 -1.009433E-06 0.5 0.5
153 23.5343 0.7357232 1.543355 0.5283231 322.1165 209.562 11.14089 0.7623003 1.538256 0.5086877 322.1165 209.562 11.14089 0.7091461 1.548453 0.5479584 322.1165 209.562 11.14089 330.9265 219.1499 0 331.3726 215.1949 0 0.5 0.5
154 23.70097 0.7181123 1.543118 0.5174628 327.9726 216.4306 8.085856 0.7432646 1.539131 0.4957984 327.9726 216.4306 8.085856 0.69296 1.547106 0.5391273 327.9726 216.4306 8.085856 342.251 229.9554 1.344665E-06 342.5309 226.1814 4.475274E-07 0.5 0.5
155 23.86763 0.6159261 1.53358 0.5687769 335.8811 215.8469 5.658522 0.6421069 1.530571 0.5482002 335.8811 215.8469 5.658522 0.5897454 1.536589 0.5893536 335.8811 215.8469 5.658522 347.4185 228.2076 8.747793E-07 347.6297 224.4321 4.370332E-07 0.5 0.5
156 24.0343 0.4740009 1.523946 0.6579672 339.7672 207.595 8.04701 0.5025907 1.519555 0.6411976 339.7672 207.595 8.04701 0.4454111 1.528338 0.6747369 339.7672 207.595 8.04701 351.3018 218.1474 0 351.7297 214.4541 -2.156865E-07 0.5 0.5
157 24.20097 0.4189661 1.520723 0.711769 348.6865 205.0738 4.562582 0.448933 1.518115 0.6971722 348.6865 205.0738 4.562582 0.3889992 1.523331 0.7263658 348.6865 205.0738 4.562582 5.302598 210.3183 0 5.587014 206.9309 -1.072311E-07 0.5 0.5
158 24.36763 0.4098878 1.499226 0.726806 4.810977 210.2094 1.206541 0.4388052 1.498524 0.7100376 4.810977 210.2094 1.206541 0.3809704 1.499928 0.7435743 4.810977 210.2094 1.206541 22.81252 215.8593 -9.262243E-07 22.97659 211.9807 0 0.5 0.5
159 24.5343 0.3418252 1.482354 0.7411472 14.68923 206.0233 358.4274 0.3717569 1.483241 0.7262745 14.68923 206.0233 358.4274 0.3118936 1.481466 0.7560198 14.68923 206.0233 358.4274 35.98962 202.3186 1.055183E-06 35.69967 198.3153 0 0.5 0.5
160 24.70096 0.2354244 1.459011 0.7733783 23.33686 192.2397 4.806475 0.2682195 1.456439 0.7673995 23.33686 192.2397 4.806475 0.2026293 1.461584 0.779357 23.33686 192.2397 4.806475 44.58307 187.1319 0 44.5054 182.166 -7.482056E-08 0.5 0.5
161 24.86763 0.2067876 1.454543 0.8109524 28.3147 168.1004 3.776624 0.2392174 1.452604 0.8188537 28.3147 168.1004 3.776624 0.1743578 1.456481 0.8030511 28.3147 168.1004 3.776624 33.40938 154.9297 -5.113901E-07 33.06139 150.4571 -1.018718E-06 0.5 0.5
162 25.0343 0.2369909 1.464937 0.8624465 24.45505 147.1989 1.043929 0.2649534 1.464383 0.8807679 24.45505 147.1989 1.043929 0.2090283 1.465492 0.8441252 24.45505 147.1989 1.043929 24.68383 138.9792 0 24.44223 134.843 9.378221E-07 0.5 0.5
163 25.20096 0.2669219 1.475413 0.915858 19.64973 129.4528 359.7595 0.288204 1.475545 0.9416444 19.64973 129.4528 359.7595 0.2456398 1.47528 0.8900716 19.64973 129.4528 359.7595 18.72002 111.298 9.014626E-07 18.43685 108.7619 8.999663E-07 0.5 0.5
164 25.36763 0.2946686 1.461216 0.9646432 24.94324 108.0292 0.2263143 0.3049637 1.461096 0.9964532 24.94324 108.0292 0.2263143 0.2843736 1.461336 0.9328331 24.94324 108.0292 0.2263143 42.75965 95.80782 2.325698E-06 42.12654 91.02966 -2.302316E-06 0.5 0.5
165 25.53429 0.349429 1.444561 1.003946 30.58444 88.42288 359.5945 0.3486292 1.444764 1.037371 30.58444 88.42288 359.5945 0.3502288 1.444357 0.9705215 30.58444 88.42288 359.5945 45.17546 86.99018 2.422266E-06 45.01624 82.75625 0 0.5 0.5
166 25.70096 0.4103783 1.457052 1.03946 20.0432 79.64492 358.0456 0.4047564 1.458124 1.072402 20.0432 79.64492 358.0456 0.4160002 1.455981 1.006519 20.0432 79.64492 358.0456 11.54037 86.90713 0 11.47281 82.88562 8.711805E-07 0.5 0.5
167 25.86763 0.4510635 1.496512 1.02441 358.5921 77.7603 359.7155 0.4439713 1.496678 1.057083 358.5921 77.7603 359.7155 0.4581556 1.496346 0.9917365 358.5921 77.7603 359.7155 350.44 82.19493 -4.328988E-07 350.3993 78.87139 -4.329507E-07 0.5 0.5
168 26.03429 0.4646109 1.532573 0.9868171 337.6945 57.5018 359.7956 0.4466092 1.532683 1.014992 337.6945 57.5018 359.7956 0.4826126 1.532462 0.9586424 337.6945 57.5018 359.7956 326.1526 59.48379 2.055988E-06 326.2128 55.31887 2.054541E-06 0.5 0.5
169 26.20096 0.4327592 1.537189 0.9622788 326.3763 24.22127 358.9915 0.4021388 1.537679 0.9756965 326.3763 24.22127 358.9915 0.4633796 1.536699 0.9488612 326.3763 24.22127 358.9915 313.9232 26.4584 0 313.9617 21.15919 -2.459813E-06 0.5 0.5
170 26.28155 0.4085539 1.542907 0.933791 319.183 0.5521429 0.203165 0.3751217 1.542817 0.9341908 319.183 0.5521429 0.203165 0.4419861 1.542997 0.9333913 319.183 0.5521429 0.203165 313.3068 17.41426 6.223707E-07 313.0209 11.32607 0 0.5 0.5
171 26.44809 0.4071034 1.543801 0.9014108 311.4662 353.7009 1.937041 0.3737965 1.543053 0.8985862 311.4662 353.7009 1.937041 0.4404102 1.54455 0.9042354 311.4662 353.7009 1.937041 299.9242 357.205 2.139337E-07 300.046 350.2117 0 0.5 0.5
172 26.52768 0.4097055 1.538195 0.8898864 310.1357 347.9725 5.13999 0.376659 1.536264 0.885187 310.1357 347.9725 5.13999 0.4427519 1.540126 0.8945857 310.1357 347.9725 5.13999 300.0046 353.382 0 300.267 346.4242 8.46946E-07 0.5 0.5
173 26.69132 0.4205242 1.529309 0.9193141 331.8113 340.459 3.458207 0.3887539 1.527532 0.909049 331.8113 340.459 3.458207 0.4522945 1.531087 0.9295793 331.8113 340.459 3.458207 350.9754 344.5795 3.241781E-07 351.192 340.6209 0 0.5 0.5
174 26.78229 0.4233294 1.506844 0.9406159 356.2126 332.6205 3.841469 0.3936387 1.504609 0.9254058 356.2126 332.6205 3.841469 0.4530202 1.509079 0.955826 356.2126 332.6205 3.841469 0.8477076 346.9857 1.334167E-08 1.100809 343.061 -2.668535E-08 0.5 0.5
175 26.94896 0.4286307 1.493209 0.9383973 8.127511 335.7611 4.366459 0.3983797 1.490689 0.9243826 8.127511 335.7611 4.366459 0.4588817 1.495729 0.9524119 8.127511 335.7611 4.366459 17.08317 349.1884 1.116477E-07 17.59411 345.3301 0 0.5 0.5
176 27.04283 0.4110588 1.487505 0.9231417 10.06999 326.5504 3.16121 0.383382 1.48569 0.9044715 10.06999 326.5504 3.16121 0.4387357 1.48932 0.941812 10.06999 326.5504 3.16121 17.72568 339.07 0 18.09689 334.7104 4.491027E-07 0.5 0.5
177 27.20949 0.3857007 1.477691 0.9161855 14.43078 317.7753 2.210104 0.3611761 1.476442 0.8934948 14.43078 317.7753 2.210104 0.4102253 1.478939 0.9388762 14.43078 317.7753 2.210104 14.78379 313.5157 0 14.82642 309.617 4.415893E-07 0.5 0.5
178 27.31761 0.383983 1.452004 0.9438398 28.55783 333.39 359.5436 0.3540337 1.452237 0.9289782 28.55783 333.39 359.5436 0.4139324 1.45177 0.9587014 28.55783 333.39 359.5436 49.10676 343.032 0 49.45073 338.0004 2.626585E-06 0.5 0.5
179 27.48323 0.3754927 1.429002 0.9725202 39.59375 342.9385 1.484672 0.3437021 1.428334 0.962186 39.59375 342.9385 1.484672 0.4072833 1.429669 0.9828544 39.59375 342.9385 1.484672 56.4802 343.3933 1.546061E-06 56.45019 337.6684 3.089678E-06 0.5 0.5
180 27.59377 0.3779516 1.417164 0.9861094 42.92443 345.0831 1.358115 0.3457916 1.416584 0.9769836 42.92443 345.0831 1.358115 0.4101116 1.417745 0.9952351 42.92443 345.0831 1.358115 57.75071 343.739 2.400019E-06 57.63767 337.349 0 0.5 0.5
181 27.76044 0.3929057 1.400132 1.009327 46.90217 348.9586 359.7069 0.3600664 1.400249 1.003046 46.90217 348.9586 359.7069 0.425745 1.400015 1.015607 46.90217 348.9586 359.7069 59.19237 345.3327 8.335074E-07 58.70668 337.3922 0 0.5 0.5
182 27.88909 0.4071859 1.381404 1.026337 52.09851 354.0341 357.0511 0.3738352 1.382461 1.024216 52.09851 354.0341 357.0511 0.4405366 1.380347 1.028458 52.09851 354.0341 357.0511 61.93646 348.1324 9.074E-07 61.33171 341.3619 0 0.5 0.5
183 28.05576 0.4675131 1.370688 1.071374 55.79014 22.87344 1.479225 0.4364403 1.370202 1.083708 55.79015 22.87344 1.479225 0.498586 1.371173 1.05904 55.79015 22.87344 1.479225 68.73724 58.4223 0 70.43664 50.68685 5.099454E-06 0.5 0.5
184 28.19743 0.5532397 1.381025 1.120163 53.61092 79.22565 11.67986 0.541766 1.37701 1.15131 53.61092 79.22565 11.67986 0.5647134 1.385041 1.089017 53.61092 79.22565 11.67986 62.57802 115.6071 0 65.22982 109.3229 0 0.5 0.5
185 28.36337 0.5512711 1.387145 1.113427 51.89428 125.8245 15.83243 0.5642784 1.381516 1.14371 51.89428 125.8245 15.83243 0.5382637 1.392774 1.083145 51.89428 125.8245 15.83243 55.94216 162.6188 7.622576E-07 58.17152 158.9915 4.856707E-06 0.5 0.5
186 28.50248 0.4899646 1.395205 1.085693 47.50269 147.7303 17.78177 0.5128651 1.388307 1.109057 47.50269 147.7303 17.78177 0.4670641 1.402103 1.06233 47.50269 147.7303 17.78177 55.85544 166.1925 0 57.69152 160.8352 1.597399E-06 0.5 0.5
187 28.66915 0.3991891 1.404716 1.073148 40.24149 178.4379 22.09842 0.4299347 1.395115 1.082115 40.24149 178.4379 22.09842 0.3684435 1.414317 1.064181 40.24149 178.4379 22.09842 35.72395 202.76 -1.051653E-06 37.65318 199.7652 1.078374E-06 0.5 0.5
188 28.82565 0.3779551 1.432964 1.121645 30.91954 216.1218 17.48617 0.4067576 1.424345 1.107015 30.91954 216.1218 17.48617 0.3491526 1.441582 1.136274 30.91954 216.1218 17.48617 23.17568 231.9795 9.28719E-07 24.50513 228.9245 -9.382911E-07 0.5 0.5
189 28.99232 0.4073294 1.451947 1.198212 26.15695 240.1355 15.01739 0.4267215 1.444171 1.172109 26.15695 240.1355 15.01739 0.3879372 1.459723 1.224315 26.15695 240.1355 15.01739 22.28493 247.7193 -9.226898E-07 23.43465 243.8251 -9.30529E-07 0.5 0.5
190 29.14901 0.406423 1.468194 1.256513 20.0891 252.4552 13.80221 0.4188233 1.460703 1.22638 20.0891 252.4552 13.80221 0.3940228 1.475685 1.286646 20.0891 252.4552 13.80221 11.36736 263.8506 0 12.28823 260.6093 -4.368964E-07 0.5 0.5
191 29.31497 0.4087543 1.488652 1.320781 10.07187 268.1219 11.43376 0.4109869 1.482126 1.288065 10.07187 268.1219 11.43376 0.4065218 1.495178 1.353496 10.07187 268.1219 11.43376 8.651979 277.588 4.318005E-07 9.504667 273.8697 -4.328286E-07 0.5 0.5
192 29.47106 0.4275883 1.495015 1.344659 5.741649 279.9659 8.793582 0.4223737 1.489929 1.312028 5.741649 279.9659 8.793582 0.432803 1.500101 1.377291 5.741649 279.9659 8.793582 1.620241 282.9048 5.338219E-08 2.202244 279.1867 0 0.5 0.5
193 29.63773 0.4417642 1.495087 1.333261 7.151516 265.5723 8.427409 0.4449257 1.490225 1.300333 7.151516 265.5723 8.427409 0.4386026 1.499949 1.366189 7.151516 265.5723 8.427409 8.541793 249.5521 -4.316751E-07 8.845675 246.665 8.640505E-07 0.5 0.5
194 29.80439 0.4562091 1.494449 1.322625 8.799807 242.3611 5.726418 0.4720941 1.491152 1.29339 8.799807 242.3611 5.726418 0.440324 1.497746 1.35186 8.799807 242.3611 5.726418 4.515553 246.8088 0 4.887552 243.2793 -4.284447E-07 0.5 0.5
195 29.97106 0.4640163 1.490713 1.322684 11.05387 221.6537 4.971582 0.4892732 1.487869 1.300961 11.05387 221.6537 4.971582 0.4387594 1.493557 1.344407 11.05387 221.6537 4.971582 13.39357 213.7008 4.38822E-07 13.53766 210.5054 4.390863E-07 0.5 0.5
196 30.13772 0.4715489 1.491761 1.321231 9.6457 203.8633 3.650112 0.5022076 1.489662 1.308059 9.6457 203.8633 3.650112 0.4408901 1.493859 1.334404 9.6457 203.8633 3.650112 11.07308 210.033 2.174925E-07 11.38377 205.9751 2.177267E-07 0.5 0.5
197 30.30439 0.4735866 1.494413 1.317081 7.581451 203.7021 3.17159 0.5042523 1.492579 1.303885 7.581451 203.7021 3.17159 0.4429209 1.496246 1.330278 7.581451 203.7021 3.17159 11.16442 205.4199 0 11.38389 201.3571 0 0.5 0.5
