#Frame, Timer, HeadX, HeadY, HeadZ, HeadRX, HeadRY, HeadRZ, LHandX, LHandY, LHandZ, LHandRX, LHandRY, LHandRZ, RHandX, RHandY, RHandZ, RHandRX, RHandRY, RHandRZ, LEyeRX, LEyeRY, LEyeRZ, REyeRX, REyeRY, REyeRZ, LEyeConf, REyeConf
1 0.0411228 -0.8745639 1.609804 -0.6100602 353.5911 302.2261 359.8586 -0.8920985 1.609885 -0.6378936 353.5911 302.2261 359.8586 -0.8570293 1.609723 -0.5822268 353.5911 302.2261 359.8586 11.22787 301.4424 0 11.2376 298.2489 0 0.5 0.5
2 0.08420645 -0.8766069 1.605547 -0.5964995 355.9597 304.8829 359.3608 -0.895398 1.605913 -0.6234982 355.9597 304.8829 359.3608 -0.8578158 1.605181 -0.5695008 355.9597 304.8829 359.3608 12.26383 303.0968 8.737118E-07 12.23577 300.0926 4.368095E-07 0.5 0.5
3 0.1280283 -0.8761939 1.598916 -0.584774 0.6615864 306.945 0.1770772 -0.8959652 1.598814 -0.6110657 0.6615864 306.945 0.1770772 -0.8564227 1.599017 -0.5584823 0.6615864 306.945 0.1770772 15.9239 301.0577 4.439214E-07 15.8271 297.7995 -4.437082E-07 0.5 0.5
4 0.1663726 -0.8786359 1.591209 -0.571331 7.092374 308.7501 0.6465948 -0.8991895 1.59084 -0.5970133 7.092374 308.7501 0.6465948 -0.8580824 1.591577 -0.5456486 7.092374 308.7501 0.6465948 18.77345 300.459 9.01748E-07 18.64528 297.3399 -1.80213E-06 0.5 0.5
5 0.2060242 -0.8820269 1.586054 -0.5628431 9.447089 307.5887 1.205718 -0.9019988 1.585371 -0.588974 9.447089 307.5887 1.205718 -0.8620549 1.586736 -0.5367122 9.447089 307.5887 1.205718 28.75404 293.383 -9.738571E-07 28.46623 290.7231 0 0.5 0.5
6 0.2480891 -0.8819904 1.581384 -0.5596365 11.83838 305.4156 1.500539 -0.9009033 1.580541 -0.5865393 11.83838 305.4156 1.500539 -0.8630774 1.582227 -0.5327338 11.83838 305.4156 1.500539 28.67241 291.1794 -9.730975E-07 28.32283 288.0769 9.698794E-07 0.5 0.5
7 0.2907511 -0.8801534 1.580854 -0.5543078 13.07525 303.3112 1.560909 -0.8980435 1.579981 -0.5819004 13.07525 303.3112 1.560909 -0.8622633 1.581727 -0.5267153 13.07525 303.3112 1.560909 32.28878 291.7415 0 31.99108 288.802 2.013307E-06 0.5 0.5
8 0.3239304 -0.8771359 1.581185 -0.5513366 11.94179 303.7567 0.7733101 -0.8953373 1.580751 -0.5787354 11.94179 303.7567 0.7733101 -0.8589346 1.58162 -0.5239379 11.94179 303.7567 0.7733101 31.16983 291.619 1.995644E-06 30.82588 287.9706 1.98846E-06 0.5 0.5
9 0.3661162 -0.8708823 1.578286 -0.5462974 10.77919 305.3824 0.7142859 -0.8898662 1.577883 -0.5731603 10.77919 305.3824 0.7142859 -0.8518983 1.578689 -0.5194345 10.77919 305.3824 0.7142859 30.78997 292.7715 2.981576E-06 30.48111 289.394 -3.962763E-06 0.5 0.5
10 0.4052665 -0.8659558 1.575688 -0.546027 11.37737 305.4289 0.7263106 -0.8849569 1.575279 -0.5728776 11.37737 305.4289 0.7263106 -0.8469546 1.576097 -0.5191764 11.37737 305.4289 0.7263106 30.94165 293.6296 -9.954322E-07 30.63026 290.2182 0 0.5 0.5
11 0.4426708 -0.8633283 1.575727 -0.5457557 11.8039 304.9644 0.1911474 -0.8821617 1.57562 -0.5727273 11.8039 304.9644 0.1911474 -0.844495 1.575835 -0.5187842 11.8039 304.9644 0.1911474 31.06026 292.8228 9.966711E-07 30.69283 289.2422 0 0.5 0.5
12 0.4813641 -0.862253 1.573328 -0.5479721 12.30461 303.9001 0.7304412 -0.8805251 1.572918 -0.5753241 12.30461 303.9001 0.7304412 -0.8439809 1.573738 -0.5206201 12.30461 303.9001 0.7304412 30.64031 292.5092 -9.923173E-07 30.32775 289.3938 1.978272E-06 0.5 0.5
13 0.5227955 -0.8632475 1.569599 -0.551039 13.3552 302.013 1.122401 -0.8805567 1.568972 -0.5790063 13.3552 302.013 1.122401 -0.8459383 1.570226 -0.5230718 13.3552 302.013 1.122401 31.43641 291.105 1.000649E-06 31.14897 288.1298 9.976027E-07 0.5 0.5
14 0.5555825 -0.8656426 1.566292 -0.5540004 14.21126 299.7843 0.5687063 -0.881913 1.565975 -0.5825896 14.21126 299.7843 0.5687063 -0.8493722 1.566608 -0.5254112 14.21126 299.7843 0.5687063 34.15952 280.3827 -2.063557E-06 33.67634 277.6992 0 0.5 0.5
15 0.6017288 -0.8686514 1.562683 -0.5567899 15.30449 298.4116 0.7010748 -0.884209 1.562295 -0.5857723 15.30449 298.4116 0.7010748 -0.8530939 1.563072 -0.5278075 15.30449 298.4116 0.7010748 34.76411 281.2994 4.157111E-06 34.32395 278.5748 0 0.5 0.5
16 0.6433706 -0.8740124 1.558325 -0.55853 16.27147 296.9993 1.137951 -0.8887806 1.557698 -0.5879183 16.27147 296.9993 1.137951 -0.8592441 1.558952 -0.5291417 16.27147 296.9993 1.137951 35.22076 281.8863 2.090185E-06 34.78885 278.8681 0 0.5 0.5
17 0.6797867 -0.8800163 1.555911 -0.5561504 15.69691 297.0972 1.650756 -0.8947661 1.554999 -0.5855405 15.69691 297.0972 1.650756 -0.8652664 1.556824 -0.5267603 15.69691 297.0972 1.650756 35.24887 283.3399 2.090909E-06 34.84647 279.8729 2.080634E-06 0.5 0.5
18 0.7197575 -0.8870385 1.553499 -0.5511506 15.8757 296.7885 1.584022 -0.9016371 1.552625 -0.5806172 15.8757 296.7885 1.584022 -0.87244 1.554374 -0.5216839 15.8757 296.7885 1.584022 34.75734 284.5472 2.078385E-06 34.44167 281.2841 2.070501E-06 0.5 0.5
19 0.7607173 -0.8977538 1.552357 -0.5402967 16.73504 296.4152 0.6067362 -0.9122978 1.552023 -0.5698014 16.73504 296.4152 0.6067362 -0.8832098 1.552691 -0.510792 16.73504 296.4152 0.6067362 34.27634 284.0669 -2.06642E-06 33.88919 280.278 2.056994E-06 0.5 0.5
20 0.8040259 -0.9057652 1.552607 -0.5229674 17.12331 298.6768 359.6673 -0.9216002 1.552789 -0.5518012 17.12331 298.6768 359.6673 -0.8899302 1.552424 -0.4941336 17.12331 298.6768 359.6673 34.52989 284.0237 -2.072692E-06 34.07254 280.1927 -2.061436E-06 0.5 0.5
21 0.8371688 -0.9099842 1.553226 -0.5004053 14.69939 305.1247 0.35351 -0.9288688 1.553029 -0.5273403 14.69939 305.1247 0.35351 -0.8910995 1.553422 -0.4734702 14.69939 305.1247 0.35351 26.53 295.8577 -9.542562E-07 26.35773 292.1955 -9.528304E-07 0.5 0.5
22 0.8777906 -0.9161963 1.552483 -0.4740258 13.07738 311.5318 0.9798542 -0.9379092 1.551935 -0.4987324 13.07738 311.5318 0.9798542 -0.8944833 1.553031 -0.4493192 13.07738 311.5318 0.9798542 18.15933 324.6267 4.49263E-07 18.46809 321.6292 1.350195E-06 0.5 0.5
23 0.9178398 -0.9287832 1.551217 -0.4379508 11.83639 317.2545 1.004421 -0.9528574 1.550652 -0.4603624 11.83639 317.2545 1.004421 -0.9047089 1.551781 -0.4155392 11.83639 317.2545 1.004421 16.01611 331.8677 -4.441259E-07 16.36078 328.6719 0 0.5 0.5
24 0.9589715 -0.9429274 1.552917 -0.4053123 11.43534 320.5615 1.449061 -0.9682205 1.552102 -0.4263304 11.43534 320.5615 1.449061 -0.9176342 1.553733 -0.3842943 11.43534 320.5615 1.449061 14.98587 334.9161 0 15.32726 331.2686 4.426304E-07 0.5 0.5
25 1.000855 -0.9561659 1.558238 -0.3742742 10.47568 322.6484 1.059539 -0.9822444 1.55764 -0.3943171 10.47568 322.6484 1.059539 -0.9300873 1.558837 -0.3542314 10.47568 322.6484 1.059539 14.66933 332.4492 2.206354E-07 14.89043 329.2632 -4.417202E-07 0.5 0.5
26 1.043425 -0.9695612 1.563158 -0.3386143 9.80281 325.1112 359.5471 -0.9965693 1.563414 -0.3573936 9.80281 325.1112 359.5471 -0.9425531 1.562902 -0.3198349 9.80281 325.1112 359.5471 7.035666 330.2952 -2.150628E-07 7.140521 326.5045 0 0.5 0.5
27 1.087075 -0.9772532 1.56411 -0.3089503 9.683029 327.7702 358.3013 -1.005156 1.565071 -0.3263479 9.683029 327.7702 358.3013 -0.9493504 1.563149 -0.2915526 9.683029 327.7702 358.3013 9.60514 329.3038 4.329564E-07 9.591284 325.4809 -4.329386E-07 0.5 0.5
28 1.130607 -0.9809793 1.56675 -0.2806024 9.940258 329.8993 358.3598 -1.009509 1.567678 -0.2969532 9.940258 329.8993 358.3598 -0.9524493 1.565823 -0.2642516 9.940258 329.8993 358.3598 9.6383 330.6809 2.164994E-07 9.56655 327.0866 2.164536E-07 0.5 0.5
29 1.168789 -0.9814227 1.56855 -0.249308 11.03739 330.9866 357.9878 -1.01028 1.569683 -0.26506 11.03739 330.9866 357.9878 -0.9525652 1.567416 -0.2335561 11.03739 330.9866 357.9878 11.41401 329.6772 0 11.27813 325.6063 -4.352926E-07 0.5 0.5
30 1.210371 -0.9770409 1.568415 -0.2224685 10.11898 331.8765 358.0749 -1.006128 1.569503 -0.237795 10.11898 331.8765 358.0749 -0.9479534 1.567327 -0.207142 10.11898 331.8765 358.0749 11.63126 331.4687 2.179183E-07 11.49496 327.6244 2.178122E-07 0.5 0.5
31 1.252614 -0.9697015 1.568437 -0.1984354 9.89694 332.0932 358.4623 -0.9988328 1.569306 -0.2136924 9.89694 332.0932 358.4623 -0.9405701 1.567567 -0.1831784 9.89694 332.0932 358.4623 11.54202 331.3627 2.178487E-07 11.41179 327.7491 4.354964E-07 0.5 0.5
32 1.294208 -0.9556389 1.567669 -0.1700092 9.853631 330.9586 359.4448 -0.9844243 1.567983 -0.18593 9.853631 330.9586 359.4448 -0.9268536 1.567355 -0.1540884 9.853631 330.9586 359.4448 11.26953 328.4624 2.176398E-07 11.14058 325.0815 2.175428E-07 0.5 0.5
33 1.347377 -0.9406207 1.568028 -0.1437241 9.581154 330.5792 0.314271 -0.9692593 1.56785 -0.1599094 9.581154 330.5792 0.314271 -0.911982 1.568206 -0.1275389 9.581154 330.5792 0.314271 13.48893 324.9853 4.389965E-07 13.36606 321.5819 0 0.5 0.5
34 1.387202 -0.9186808 1.572679 -0.09959364 9.504261 330.1523 2.788629 -0.9470482 1.5711 -0.1161758 9.504261 330.1523 2.788629 -0.8903135 1.574257 -0.08301146 9.504261 330.1523 2.788629 14.91654 321.8156 -8.835476E-07 14.78439 318.1664 4.415037E-07 0.5 0.5
35 1.440921 -0.9138756 1.572782 -0.08890167 9.933969 329.0679 3.479079 -0.9418643 1.570815 -0.1060753 9.933969 329.0679 3.479079 -0.8858869 1.574748 -0.07172801 9.933969 329.0679 3.479079 13.57653 320.3747 -4.391581E-07 13.57357 316.7348 4.391526E-07 0.5 0.5
36 1.499788 -0.9031622 1.571946 -0.06331492 10.56403 325.5235 4.578465 -0.9299214 1.569365 -0.08227393 10.56403 325.5235 4.578465 -0.8764029 1.574527 -0.04435591 10.56403 325.5235 4.578465 15.06929 317.2282 4.420893E-07 15.11015 313.7989 8.843487E-07 0.5 0.5
37 1.557538 -0.8988575 1.572282 -0.04560637 11.60928 322.2176 3.99739 -0.9245109 1.570035 -0.06607646 11.60928 322.2176 3.99739 -0.8732041 1.574528 -0.02513628 11.60928 322.2176 3.99739 13.84452 315.4095 4.396595E-07 13.94595 311.2997 4.398521E-07 0.5 0.5
38 1.614903 -0.8991152 1.571603 -0.03201658 12.19485 319.0435 4.435962 -0.923532 1.569116 -0.05392098 12.19485 319.0435 4.435962 -0.8746984 1.57409 -0.01011219 12.19485 319.0435 4.435962 14.25875 313.2073 -8.809117E-07 14.37134 309.5499 0 0.5 0.5
39 1.680664 -0.9064099 1.572045 -0.02157568 12.30759 317.164 3.320147 -0.9302163 1.570184 -0.04420222 12.30759 317.164 3.320147 -0.8826036 1.573907 0.00105086 12.30759 317.164 3.320147 12.34577 311.5262 0 12.47069 308.1291 -4.372019E-07 0.5 0.5
40 1.728809 -0.9203507 1.57 -0.02213131 12.02148 314.825 3.259639 -0.9432269 1.568171 -0.04570035 12.02148 314.825 3.259639 -0.8974745 1.57183 0.001437731 12.02148 314.825 3.259639 13.85845 312.019 0 13.98043 308.1385 4.399179E-07 0.5 0.5
41 1.792415 -0.9350598 1.576771 -0.0284488 10.63732 313.4437 2.16752 -0.9574977 1.575549 -0.05247402 10.63732 313.4437 2.16752 -0.9126219 1.577994 -0.004423577 10.63732 313.4437 2.16752 14.04895 312.8277 8.800985E-07 14.16378 309.4103 -4.402709E-07 0.5 0.5
42 1.843193 -0.9444604 1.579029 -0.03714003 9.431435 310.7567 3.065946 -0.9656876 1.577293 -0.06221116 9.431435 310.7567 3.065946 -0.9232332 1.580765 -0.01206889 9.431435 310.7567 3.065946 16.1041 313.9014 -4.443224E-07 16.2518 309.9985 0 0.5 0.5
43 1.907871 -0.9544758 1.580724 -0.0458157 8.503721 307.386 2.508005 -0.9742616 1.5793 -0.07205808 8.503721 307.386 2.508005 -0.9346901 1.582148 -0.01957331 8.503721 307.386 2.508005 20.38736 311.0806 0 20.52796 307.3583 -9.116632E-07 0.5 0.5
44 1.963046 -0.9631127 1.580926 -0.05074483 8.40488 305.5986 3.617508 -0.9819769 1.578873 -0.07761662 8.40488 305.5986 3.617508 -0.9442484 1.582979 -0.02387304 8.40488 305.5986 3.617508 17.37721 313.2789 0 17.62422 309.6197 4.479105E-07 0.5 0.5
45 2.026253 -0.9675471 1.580504 -0.04969769 8.884153 305.4808 3.92649 -0.986313 1.578278 -0.07662454 8.884153 305.4808 3.92649 -0.9487813 1.582729 -0.02277083 8.884153 305.4808 3.92649 16.98886 316.0478 0 17.33504 312.6427 4.471992E-07 0.5 0.5
46 2.077133 -0.9720442 1.58129 -0.04766909 8.554171 305.6799 3.667894 -0.9909377 1.579209 -0.07451821 8.554171 305.6799 3.667894 -0.9531508 1.583372 -0.02081997 8.554171 305.6799 3.667894 17.48495 316.2944 0 17.85019 312.8834 0 0.5 0.5
47 2.149475 -0.9766195 1.586172 -0.04825846 6.390894 304.4078 4.785809 -0.9948916 1.583444 -0.07547712 6.390894 304.4078 4.785809 -0.9583473 1.588899 -0.02103981 6.390894 304.4078 4.785809 16.72882 315.8297 -4.45752E-07 17.11597 312.4473 4.466693E-07 0.5 0.5
48 2.202526 -0.9791291 1.598703 -0.04508536 359.793 304.2138 5.741175 -0.9975432 1.595412 -0.07214566 359.793 304.2138 5.741174 -0.9607151 1.601994 -0.01802506 359.793 304.2138 5.741174 358.0189 314.7096 5.339276E-08 358.3159 311.1602 -1.067678E-07 0.5 0.5
49 2.269847 -0.9753933 1.606672 -0.05010571 355.5207 303.5856 5.339144 -0.9937111 1.603621 -0.07725918 355.5207 303.5856 5.339144 -0.9570755 1.609724 -0.02295224 355.5207 303.5856 5.339144 355.5053 315.8379 -1.070509E-07 355.7726 312.4944 2.140257E-07 0.5 0.5
50 2.343886 -0.9735003 1.610036 -0.06686809 354.1284 296.6481 6.781194 -0.9885066 1.606172 -0.09588619 354.1284 296.6481 6.781194 -0.9584941 1.6139 -0.03784999 354.1284 296.6481 6.781194 357.4456 312.8723 -1.068278E-07 357.8419 308.9027 -1.067975E-07 0.5 0.5
51 2.4141 -0.9688814 1.610941 -0.09399956 354.2544 281.4212 8.709456 -0.9758092 1.605984 -0.1257739 354.2544 281.4212 8.709456 -0.9619536 1.615897 -0.06222523 354.2544 281.4212 8.709456 0.6619873 286.6735 0 1.144955 282.9539 0 0.5 0.5
52 2.481948 -0.9637112 1.608903 -0.1119086 353.8271 272.1474 9.997017 -0.9655387 1.603226 -0.1442597 353.8271 272.1474 9.997017 -0.9618837 1.614581 -0.07955754 353.8271 272.1474 9.997017 0.2685367 278.5705 0 0.8279251 274.8623 -5.336642E-08 0.5 0.5
53 2.550348 -0.9594737 1.617673 -0.1224542 348.755 266.8582 10.34856 -0.9588507 1.611877 -0.1548299 348.755 266.8582 10.34856 -0.9600967 1.623469 -0.09007853 348.755 266.8582 10.34856 349.5594 279.9089 8.681471E-07 350.1696 275.8999 0 0.5 0.5
54 2.625988 -0.9550307 1.621772 -0.124734 346.4402 266.0055 10.09466 -0.9541232 1.616167 -0.1571366 346.4402 266.0055 10.09466 -0.9559383 1.627378 -0.09233148 346.4402 266.0055 10.09466 343.9785 271.2777 -8.882758E-07 344.676 266.9634 8.852469E-07 0.5 0.5
55 2.695313 -0.9485145 1.635191 -0.1199825 340.6252 268.2816 9.643845 -0.9493693 1.629992 -0.1524541 340.6252 268.2816 9.643845 -0.9476596 1.64039 -0.08751079 340.6252 268.2816 9.643845 341.9696 268.8773 0 342.6494 264.7492 0 0.5 0.5
56 2.782322 -0.9341577 1.648286 -0.1092396 330.4898 276.7091 7.214247 -0.9399915 1.644691 -0.1414143 330.4898 276.7091 7.214247 -0.9283239 1.651881 -0.07706495 330.4898 276.7091 7.214247 324.1865 276.1475 0 324.7236 271.3398 -2.09162E-06 0.5 0.5
57 2.856267 -0.9301029 1.644229 -0.1045224 334.105 281.1027 7.373743 -0.9381946 1.640431 -0.136181 334.105 281.1027 7.373743 -0.9220113 1.648027 -0.07286383 334.105 281.1027 7.373743 323.4815 282.5719 0 323.9897 277.153 0 0.5 0.5
58 2.938851 -0.9296139 1.639746 -0.09806048 335.4574 284.6797 7.747262 -0.9396561 1.635712 -0.1291257 335.4574 284.6797 7.747262 -0.9195717 1.64378 -0.06699523 335.4574 284.6797 7.747262 325.9607 302.8685 2.060628E-06 325.7961 299.1607 1.032322E-06 0.5 0.5
59 3.022249 -0.9294441 1.645662 -0.08341633 332.8405 295.1172 6.411563 -0.9448386 1.642393 -0.1123039 332.8405 295.1172 6.411563 -0.9140496 1.64893 -0.05452872 332.8405 295.1172 6.411563 334.9923 312.6719 9.420937E-07 334.8628 309.0098 -9.430908E-07 0.5 0.5
60 3.106304 -0.9203393 1.644751 -0.0660675 333.8827 311.2857 4.840363 -0.9428856 1.642259 -0.08989234 333.8827 311.2857 4.840363 -0.8977931 1.647244 -0.04224266 333.8827 311.2857 4.840363 329.5217 333.9371 9.906616E-07 329.3067 332.4548 9.928621E-07 0.5 0.5
61 3.188096 -0.9159482 1.644045 -0.05376425 334.3744 324.4822 2.593482 -0.9430702 1.642703 -0.07233199 334.3744 324.4822 2.593482 -0.8888262 1.645388 -0.0351965 334.3744 324.4822 2.593482 328.2354 338.227 1.004182E-06 327.8099 333.3024 -5.044239E-07 0.5 0.5
62 3.265056 -0.9163129 1.641319 -0.04902327 336.0134 330.0303 3.376912 -0.9451547 1.639549 -0.06474543 336.0134 330.0303 3.376912 -0.8874712 1.64309 -0.03330112 336.0134 330.0303 3.376912 330.462 343.5435 4.906581E-07 330.1089 337.9417 -4.923868E-07 0.5 0.5
63 3.345151 -0.9137909 1.633917 -0.04156339 340.7615 336.1098 2.045326 -0.9440063 1.632808 -0.05452369 340.7615 336.1098 2.045326 -0.8835756 1.635025 -0.02860308 340.7615 336.1098 2.045326 336.759 352.7003 -1.161466E-07 336.387 347.8806 0 0.5 0.5
64 3.408067 -0.8952234 1.632526 -0.03179847 343.1424 350.6247 0.4245913 -0.9276909 1.632292 -0.03708741 343.1424 350.6247 0.4245913 -0.8627558 1.632759 -0.02650953 343.1424 350.6247 0.4245913 338.2759 355.4873 -5.744044E-08 338.0366 351.1964 1.150734E-07 0.5 0.5
65 3.485541 -0.8592654 1.621341 -0.03184752 349.1419 12.11557 1.662489 -0.8913777 1.620403 -0.02477023 349.1419 12.11557 1.662489 -0.8271531 1.622278 -0.03892481 349.1419 12.11557 1.662489 352.0418 21.58805 0 351.9565 19.83389 1.07782E-07 0.5 0.5
66 3.558695 -0.8196796 1.608926 -0.04309316 355.0678 36.87628 4.085396 -0.8458066 1.606591 -0.02324142 355.0678 36.87628 4.085396 -0.7935525 1.611261 -0.0629449 355.0678 36.87628 4.085396 357.9499 47.834 -1.067901E-07 357.9713 47.17532 -5.339432E-08 0.5 0.5
67 3.649781 -0.8013438 1.5968 -0.06308912 358.558 55.37315 2.926102 -0.8199773 1.595121 -0.036031 358.558 55.37315 2.926102 -0.7827103 1.598478 -0.09014723 358.558 55.37315 2.926102 359.0893 60.60826 0 359.308 56.38688 0 0.5 0.5
68 3.722691 -0.8056961 1.591612 -0.07730515 0.5052087 67.98576 3.130857 -0.8180231 1.589815 -0.04685874 0.5052087 67.98576 3.130857 -0.7933691 1.593408 -0.1077516 0.5052087 67.98576 3.130857 2.035229 70.17883 -2.135781E-07 2.27725 65.7417 1.068061E-07 0.5 0.5
69 3.812279 -0.823853 1.600176 -0.07640117 358.5943 72.94518 2.614743 -0.8334558 1.598676 -0.04497344 358.5943 72.94518 2.614743 -0.8142502 1.601677 -0.1078289 358.5943 72.94518 2.614743 358.5589 71.49038 -1.067555E-07 358.7767 67.27616 -5.337301E-08 0.5 0.5
70 3.892139 -0.8436604 1.596182 -0.06659991 359.1037 72.63585 4.541708 -0.8534084 1.593578 -0.0352892 359.1037 72.63585 4.541708 -0.8339124 1.598787 -0.09791063 359.1037 72.63585 4.541708 350.7019 76.08578 4.325703E-07 351.0027 70.7309 4.322047E-07 0.5 0.5
71 3.970355 -0.8533066 1.59151 -0.05748373 0.1183564 73.88515 5.479762 -0.8624019 1.588368 -0.02602624 0.1183564 73.88515 5.479762 -0.8442113 1.594651 -0.08894123 0.1183564 73.88515 5.479762 347.7939 78.94206 -4.367604E-07 348.0745 74.72606 4.363035E-07 0.5 0.5
72 4.050259 -0.8571141 1.586466 -0.04948823 1.778595 77.50438 6.309424 -0.8642981 1.582852 -0.01758996 1.778595 77.50438 6.309424 -0.84993 1.590079 -0.0813865 1.778595 77.50438 6.309424 348.288 80.92713 -4.359635E-07 348.6768 76.51058 8.70722E-07 0.5 0.5
73 4.13929 -0.8503286 1.584757 -0.04809156 3.589633 78.99309 6.886001 -0.8568065 1.58082 -0.01608048 3.589633 78.99309 6.886001 -0.8438507 1.588693 -0.08010264 3.589633 78.99309 6.886001 5.045828 89.67866 -2.142738E-07 5.494537 86.38251 0 0.5 0.5
74 4.214283 -0.820137 1.583323 -0.0510952 3.034272 78.70332 6.363198 -0.8267305 1.579682 -0.01907277 3.034272 78.70332 6.363198 -0.8135434 1.586964 -0.08311763 3.034272 78.70332 6.363198 4.045808 89.31456 0 4.489001 85.78642 2.141002E-07 0.5 0.5
75 4.307941 -0.7782323 1.581263 -0.07340103 4.291382 75.17832 5.332559 -0.7868323 1.578215 -0.04179544 4.291382 75.17832 5.332559 -0.7696323 1.584312 -0.1050066 4.291382 75.17832 5.332559 7.207285 89.75447 -4.302865E-07 7.637914 86.44444 0 0.5 0.5
76 4.379256 -0.7129772 1.582135 -0.1121817 4.574616 70.63588 6.682274 -0.7240986 1.578319 -0.0814584 4.574616 70.63588 6.682274 -0.7018558 1.58595 -0.142905 4.574616 70.63588 6.682274 11.15155 81.23587 1.305306E-06 11.49704 78.35345 4.356276E-07 0.5 0.5
77 4.474774 -0.6720933 1.579079 -0.1387427 5.817073 72.11346 8.036865 -0.6825412 1.574504 -0.107887 5.817073 72.11346 8.036865 -0.6616454 1.583655 -0.1695984 5.817073 72.11346 8.036865 12.26832 78.89175 -4.368634E-07 12.70951 75.78133 -4.376091E-07 0.5 0.5
78 4.54071 -0.6232124 1.574664 -0.1570292 6.747972 68.57699 10.13393 -0.6356735 1.568915 -0.1271319 6.747972 68.57699 10.13393 -0.6107513 1.580412 -0.1869265 6.747972 68.57699 10.13393 12.25628 75.76715 4.368434E-07 12.76822 72.66368 0 0.5 0.5
79 4.644194 -0.603833 1.565102 -0.1516749 15.22019 63.8644 8.651537 -0.6193252 1.560327 -0.1230504 15.22019 63.8644 8.651537 -0.5883409 1.569877 -0.1802994 15.22019 63.8644 8.651537 40.01072 62.97295 -2.229394E-06 40.25026 59.60538 2.237265E-06 0.5 0.5
80 4.712786 -0.5942574 1.552538 -0.1331761 20.29195 62.34283 5.707758 -0.6104565 1.549469 -0.1047096 20.29195 62.34283 5.707758 -0.5780582 1.555607 -0.1616426 20.29195 62.34283 5.707758 39.72628 63.71777 0 40.0168 60.53905 2.229593E-06 0.5 0.5
81 4.818046 -0.5945789 1.562524 -0.116222 16.62869 65.30638 6.260899 -0.6091726 1.559086 -0.08694103 16.62869 65.30638 6.260899 -0.5799851 1.565961 -0.1455029 16.62869 65.30638 6.260899 20.88815 66.50375 1.827665E-06 21.23268 63.20964 1.831901E-06 0.5 0.5
82 4.888829 -0.6019428 1.568993 -0.108174 11.60674 66.67329 3.507756 -0.6153163 1.567021 -0.07818346 11.60674 66.67329 3.507756 -0.5885693 1.570965 -0.1381644 11.60674 66.67329 3.507756 17.79612 69.01337 8.966797E-07 18.1081 65.78223 8.98263E-07 0.5 0.5
83 4.979295 -0.6077462 1.570651 -0.1090643 9.605625 70.55925 3.434363 -0.6189856 1.568708 -0.07820869 9.605625 70.55925 3.434363 -0.5965069 1.572594 -0.1399199 9.605625 70.55925 3.434363 13.72646 84.50719 -4.394373E-07 14.25081 80.2038 0 0.5 0.5
84 5.057028 -0.610957 1.57067 -0.1041267 7.771361 73.64236 2.753484 -0.620416 1.569104 -0.0726586 7.771361 73.64236 2.753484 -0.601498 1.572236 -0.1355948 7.771361 73.64236 2.753484 11.49469 85.86057 0 11.88848 81.80761 -4.362441E-07 0.5 0.5
85 5.150315 -0.6129671 1.564384 -0.09994642 8.241982 75.98514 2.999327 -0.6211622 1.56268 -0.06813282 8.241982 75.98514 2.999327 -0.604772 1.566087 -0.13176 8.241982 75.98514 2.999327 9.568993 84.47532 4.329102E-07 9.840191 80.66194 4.332609E-07 0.5 0.5
86 5.226783 -0.6119304 1.56541 -0.09708314 8.072926 77.18085 3.376432 -0.6194819 1.563492 -0.06512281 8.072926 77.18085 3.376432 -0.6043789 1.567328 -0.1290435 8.072926 77.18085 3.376432 9.485448 83.48256 0 9.746675 79.67114 -4.331388E-07 0.5 0.5
87 5.305691 -0.6051649 1.566211 -0.0904974 8.160759 76.92333 3.792907 -0.6128924 1.564057 -0.05859422 8.160759 76.92333 3.792907 -0.5974374 1.568366 -0.1224006 8.160759 76.92333 3.792907 9.842358 83.25819 -8.665273E-07 10.15815 78.75962 4.33685E-07 0.5 0.5
88 5.385539 -0.5990043 1.567088 -0.08240284 8.909616 74.65589 3.787916 -0.6080147 1.564941 -0.05083752 8.909616 74.65589 3.787916 -0.5899938 1.569235 -0.1139682 8.909616 74.65589 3.787916 11.69658 65.90336 4.359391E-07 11.77359 62.51456 -4.360609E-07 0.5 0.5
89 5.464678 -0.5923949 1.570056 -0.07614814 6.458374 76.2126 3.099699 -0.6004176 1.568289 -0.0442941 6.458374 76.2126 3.099699 -0.5843723 1.571824 -0.1080022 6.458374 76.2126 3.099699 12.54797 82.24741 8.746655E-07 12.81767 78.87077 0 0.5 0.5
90 5.544073 -0.5764531 1.569759 -0.06961671 6.15848 80.04385 2.906188 -0.5823097 1.568101 -0.03728842 6.15848 80.04385 2.906188 -0.5705966 1.571417 -0.101945 6.15848 80.04385 2.906188 10.99511 84.76971 8.69739E-07 11.24713 80.7235 4.352457E-07 0.5 0.5
91 5.621153 -0.554221 1.570558 -0.06791651 6.601273 79.72904 1.355162 -0.5601729 1.569785 -0.03557234 6.601273 79.72904 1.355162 -0.5482692 1.571331 -0.1002607 6.601273 79.72904 1.355162 10.97821 67.54504 0 10.94657 63.94398 -4.347981E-07 0.5 0.5
92 5.706464 -0.5246604 1.570332 -0.07913665 6.68932 74.62883 1.401009 -0.533468 1.569533 -0.04745139 6.68932 74.62883 1.401009 -0.5158528 1.57113 -0.1108219 6.68932 74.62883 1.401009 15.39296 60.71732 1.32831E-06 15.21969 57.80773 4.424035E-07 0.5 0.5
93 5.785313 -0.4974284 1.571423 -0.1014731 6.006125 68.54693 1.097936 -0.509519 1.570796 -0.07088565 6.006125 68.54693 1.097936 -0.4853377 1.572049 -0.1320605 6.006125 68.54693 1.097936 15.0184 57.47044 -8.839676E-07 14.82094 54.07677 4.415782E-07 0.5 0.5
94 5.875711 -0.4536859 1.574749 -0.1456741 6.40363 60.08348 2.412485 -0.4702118 1.573373 -0.1172635 6.40363 60.08348 2.412485 -0.4371599 1.576125 -0.1740848 6.40363 60.08348 2.412485 15.78926 52.51004 8.872504E-07 15.69441 49.56448 -4.434183E-07 0.5 0.5
95 5.940012 -0.411433 1.576914 -0.1887245 6.947399 55.26456 3.721509 -0.4303496 1.574795 -0.1618948 6.947399 55.26456 3.721509 -0.3925164 1.579034 -0.2155543 6.947399 55.26456 3.721509 13.32206 53.15922 0 13.38392 49.53943 -4.388043E-07 0.5 0.5
96 6.034711 -0.3899558 1.575925 -0.2056043 6.796391 52.62386 4.019838 -0.4100931 1.573635 -0.1796926 6.796391 52.62386 4.019838 -0.3698185 1.578215 -0.2315159 6.796391 52.62386 4.019838 9.512377 48.33839 4.328383E-07 9.678148 44.74516 -4.330502E-07 0.5 0.5
97 6.103209 -0.3646164 1.58059 -0.2197021 7.690579 48.22562 2.326897 -0.3866471 1.579266 -0.1953082 7.690579 48.22562 2.326897 -0.3425857 1.581913 -0.244096 7.690579 48.22562 2.326897 9.628192 45.50203 -4.329859E-07 9.772406 41.6867 2.165861E-07 0.5 0.5
98 6.187726 -0.3573173 1.580306 -0.2135663 6.516599 48.09321 2.070229 -0.3793755 1.579126 -0.1891899 6.516599 48.09321 2.070229 -0.3352592 1.581487 -0.2379427 6.516599 48.09321 2.070229 10.27948 45.81108 4.338505E-07 10.39086 41.98773 -2.170022E-07 0.5 0.5
99 6.272423 -0.3529416 1.583951 -0.2045229 6.982443 50.69778 2.349322 -0.3738878 1.582613 -0.1791925 6.982443 50.69778 2.349322 -0.3319954 1.585289 -0.2298534 6.982443 50.69778 2.349322 15.69074 50.72489 4.434103E-07 15.79053 46.62249 8.872559E-07 0.5 0.5
100 6.35018 -0.3527404 1.582448 -0.1999032 6.99012 51.30095 2.282672 -0.3734162 1.581147 -0.1743497 6.99012 51.30095 2.282672 -0.3320645 1.583748 -0.2254568 6.99012 51.30095 2.282672 12.86464 53.7261 0 13.02171 50.33405 4.38154E-07 0.5 0.5
101 6.426288 -0.3461545 1.5817 -0.1960196 7.260404 53.08913 2.886839 -0.3660535 1.580057 -0.1698758 7.260404 53.08913 2.886839 -0.3262556 1.583344 -0.2221634 7.260404 53.08913 2.886839 13.5643 54.30374 0 13.71333 51.15047 -8.788253E-07 0.5 0.5
102 6.476372 -0.3397805 1.579596 -0.1941762 7.52506 54.83857 2.797907 -0.3588743 1.578004 -0.1674356 7.52506 54.83857 2.797907 -0.3206868 1.581188 -0.2209169 7.52506 54.83857 2.797907 12.85083 54.81881 0 13.01434 51.20541 0 0.5 0.5
103 6.541277 -0.3359402 1.581403 -0.1907343 7.276639 56.00138 2.96595 -0.3544891 1.579714 -0.1636187 7.276639 56.00138 2.96595 -0.3173914 1.583091 -0.21785 7.276639 56.00138 2.96595 12.9229 62.71722 0 13.16526 59.33301 -4.384094E-07 0.5 0.5
104 6.596056 -0.3249761 1.582436 -0.1904653 6.489662 58.07135 3.314187 -0.3425271 1.580546 -0.1627064 6.489662 58.07135 3.314187 -0.3074252 1.584325 -0.2182243 6.489662 58.07135 3.314187 12.43606 64.27615 4.371435E-07 12.72655 60.45461 0 0.5 0.5
105 6.671074 -0.3200212 1.580071 -0.1937284 7.621964 60.7011 3.585882 -0.336326 1.578032 -0.16523 7.621964 60.7011 3.585882 -0.3037165 1.582111 -0.2222269 7.621964 60.7011 3.585882 13.38263 64.07654 4.38802E-07 13.61244 60.91843 -8.784493E-07 0.5 0.5
106 6.725224 -0.3136675 1.578701 -0.1993504 7.837204 62.80994 3.450742 -0.3289122 1.576739 -0.1702657 7.837204 62.80994 3.450742 -0.2984229 1.580662 -0.2284351 7.837204 62.80994 3.450742 13.54816 64.94919 -4.391057E-07 13.82348 60.87288 -4.396197E-07 0.5 0.5
107 6.801707 -0.3112743 1.578919 -0.2048315 8.061758 63.54715 3.009414 -0.326125 1.577209 -0.1755279 8.061759 63.54715 3.009414 -0.2964236 1.580629 -0.2341351 8.061759 63.54715 3.009414 12.34562 63.06368 4.369919E-07 12.54782 58.76276 0 0.5 0.5
108 6.86482 -0.2992543 1.57963 -0.2076061 6.359438 65.37339 0.1830758 -0.3129728 1.579525 -0.177707 6.359438 65.37339 0.1830758 -0.2855358 1.579734 -0.2375053 6.359438 65.37339 0.1830758 12.18485 64.18548 0 12.30558 60.1115 4.369253E-07 0.5 0.5
109 6.940816 -0.3021151 1.577282 -0.2044668 7.866226 64.34328 1.488177 -0.3164591 1.576436 -0.1748745 7.866226 64.34328 1.488177 -0.2877712 1.578129 -0.234059 7.866226 64.34328 1.488177 14.64954 62.1275 0 14.66693 58.29678 4.412659E-07 0.5 0.5
110 6.994287 -0.3030753 1.57432 -0.200506 9.428385 62.66932 1.80503 -0.3183222 1.573298 -0.1713743 9.428385 62.66932 1.80503 -0.2878285 1.575342 -0.2296377 9.428385 62.66932 1.80503 17.56378 62.43093 8.955213E-07 17.59225 58.53027 1.791325E-06 0.5 0.5
111 7.071217 -0.300275 1.574114 -0.1991237 9.332887 63.11486 2.057678 -0.3153121 1.572948 -0.1698885 9.332887 63.11486 2.057678 -0.2852379 1.575279 -0.2283588 9.332887 63.11486 2.057678 17.65983 62.46747 0 17.72794 58.55163 0 0.5 0.5
112 7.130116 -0.2993052 1.572515 -0.1960445 10.07142 63.53846 2.637499 -0.3141851 1.571025 -0.1667438 10.07142 63.53846 2.637499 -0.2844252 1.574006 -0.2253452 10.07142 63.53846 2.637499 16.8113 63.3007 -1.783782E-06 16.90827 59.39271 0 0.5 0.5
113 7.209812 -0.2983122 1.572773 -0.1957772 9.812983 63.56896 2.508397 -0.3131607 1.571354 -0.1664569 9.812983 63.56896 2.508397 -0.2834637 1.574191 -0.2250974 9.812983 63.56896 2.508397 13.81199 59.81203 4.395981E-07 13.88633 55.94818 -8.794775E-07 0.5 0.5
114 7.263672 -0.2957393 1.573171 -0.1978277 9.643559 64.62879 2.119567 -0.3100092 1.571971 -0.1682119 9.643559 64.62879 2.119567 -0.2814693 1.57437 -0.2274435 9.643559 64.62879 2.119567 13.12257 60.07785 -4.383332E-07 13.19868 56.21832 -4.384693E-07 0.5 0.5
115 7.349061 -0.2915999 1.572685 -0.1995412 9.80398 65.85768 2.377899 -0.3052552 1.57134 -0.1696431 9.80398 65.85768 2.377899 -0.2779447 1.57403 -0.2294392 9.80398 65.85768 2.377899 13.84026 60.16488 4.396515E-07 13.88176 56.97784 -1.31919E-06 0.5 0.5
116 7.40553 -0.2892947 1.574638 -0.1989124 8.746764 65.59624 2.207412 -0.3030517 1.573386 -0.169057 8.746764 65.59624 2.207412 -0.2755377 1.57589 -0.2287678 8.746764 65.59624 2.207412 13.61031 60.10295 8.784414E-07 13.64667 56.23286 4.392883E-07 0.5 0.5
117 7.485325 -0.2929357 1.575866 -0.1947904 8.042933 63.00169 2.427083 -0.3080297 1.574487 -0.1655939 8.042933 63.00169 2.427083 -0.2778417 1.577245 -0.2239868 8.042933 63.00169 2.427083 14.50195 58.88653 0 14.52498 55.00811 -4.409813E-07 0.5 0.5
118 7.547681 -0.2962752 1.576899 -0.1890204 7.52692 58.25857 1.702268 -0.3136828 1.57593 -0.161124 7.52692 58.25857 1.702268 -0.2788677 1.577867 -0.2169167 7.52692 58.25857 1.702268 15.56475 51.53575 0 15.49877 47.86665 0 0.5 0.5
119 7.633274 -0.2961453 1.577297 -0.1855008 7.477612 57.45637 1.763276 -0.3139443 1.576294 -0.1578537 7.477612 57.45637 1.763276 -0.2783464 1.578301 -0.2131478 7.477612 57.45637 1.763276 15.96546 50.47908 4.440134E-07 15.89402 46.36743 -4.438555E-07 0.5 0.5
120 7.689254 -0.2983001 1.577132 -0.1822644 7.624292 57.24304 1.770161 -0.3162045 1.576125 -0.1546856 7.624292 57.24304 1.770161 -0.2803958 1.578139 -0.2098432 7.624292 57.24304 1.770161 18.41647 51.36331 4.499299E-07 18.37716 47.9017 4.498272E-07 0.5 0.5
121 7.767863 -0.3007997 1.57893 -0.1814414 7.057019 57.61737 2.642682 -0.3185566 1.577425 -0.1537902 7.057019 57.61737 2.642682 -0.2830427 1.580436 -0.2090927 7.057019 57.61737 2.642682 17.09499 52.66107 -4.46619E-07 17.10724 48.98733 8.932967E-07 0.5 0.5
122 7.838334 -0.3056226 1.581756 -0.178744 5.746206 56.07648 2.706538 -0.3240901 1.58021 -0.1515644 5.746206 56.07648 2.706538 -0.287155 1.583301 -0.2059235 5.746206 56.07648 2.706538 17.21202 51.98287 0 17.24205 48.53866 -4.469733E-07 0.5 0.5
123 7.927664 -0.3124837 1.58211 -0.1781721 5.290252 54.85743 2.837523 -0.3315188 1.580489 -0.1513915 5.290252 54.85743 2.837523 -0.2934486 1.583732 -0.2049528 5.290252 54.85743 2.837523 16.95749 51.75322 0 17.01912 48.34792 4.464376E-07 0.5 0.5
124 7.992304 -0.3168285 1.583548 -0.1819173 4.38463 54.9423 2.685975 -0.3357998 1.582011 -0.1550865 4.38463 54.9423 2.685975 -0.2978571 1.585085 -0.2087481 4.38463 54.9423 2.685975 17.60723 53.22974 -8.957366E-07 17.69767 49.82715 -4.480933E-07 0.5 0.5
125 8.075247 -0.319543 1.583798 -0.188689 4.130795 57.49577 2.487985 -0.3372903 1.582374 -0.1610273 4.130795 57.49577 2.487985 -0.3017957 1.585222 -0.2163507 4.130795 57.49577 2.487985 17.22334 54.81513 -8.938561E-07 17.32526 50.97591 4.471754E-07 0.5 0.5
126 8.140689 -0.3221294 1.583484 -0.1914715 4.147858 58.15433 2.499202 -0.3395582 1.582054 -0.1636083 4.147858 58.15433 2.499202 -0.3047006 1.584915 -0.2193347 4.147858 58.15433 2.499202 16.144 54.81185 4.444118E-07 16.2183 50.96821 8.89158E-07 0.5 0.5
127 8.222345 -0.3248843 1.583492 -0.1921217 4.35832 58.50309 3.183917 -0.3421629 1.58167 -0.1641879 4.35832 58.50309 3.183917 -0.3076057 1.585313 -0.2200556 4.35832 58.50309 3.183917 16.01536 55.00147 0 16.09986 51.38682 1.332938E-06 0.5 0.5
128 8.298069 -0.3274664 1.582654 -0.1927563 4.747586 58.59492 3.720208 -0.3447229 1.580527 -0.1648304 4.747586 58.59492 3.720208 -0.31021 1.584782 -0.2206823 4.747586 58.59492 3.720208 16.38693 54.74159 -4.449618E-07 16.48472 51.35735 0 0.5 0.5
129 8.379887 -0.3294519 1.581812 -0.1931599 5.065116 57.2015 3.56475 -0.3473887 1.579774 -0.1656592 5.065116 57.2015 3.56475 -0.3115151 1.583849 -0.2206606 5.065116 57.2015 3.56475 16.83649 53.59696 -4.460047E-07 16.93887 50.19742 0 0.5 0.5
130 8.443173 -0.3355825 1.581859 -0.1914836 5.144973 54.41076 3.651308 -0.3548411 1.579773 -0.1648956 5.144973 54.41076 3.651308 -0.3163239 1.583946 -0.2180716 5.144973 54.41076 3.651308 18.54567 53.62708 9.005382E-07 18.6665 50.2288 9.011777E-07 0.5 0.5
131 8.52401 -0.3404007 1.584672 -0.1914131 4.426073 53.95649 3.89391 -0.3598516 1.582445 -0.164977 4.426073 53.95649 3.89391 -0.3209498 1.5869 -0.2178492 4.426073 53.95649 3.89391 13.98146 64.60746 1.31976E-06 14.37192 60.81248 0 0.5 0.5
132 8.597414 -0.3460366 1.5889 -0.1980308 2.064839 59.28345 3.793923 -0.3628704 1.586724 -0.1698517 2.064839 59.28345 3.793923 -0.3292029 1.591075 -0.2262098 2.064839 59.28345 3.793923 16.12254 66.99174 0 16.49857 63.65255 0 0.5 0.5
133 8.679165 -0.3458834 1.589207 -0.2027235 1.644254 65.97975 2.484458 -0.3592989 1.587782 -0.1727208 1.644254 65.97975 2.484458 -0.3324678 1.590633 -0.2327261 1.644254 65.97975 2.484458 17.1508 70.26331 -1.787012E-06 17.46245 66.48047 8.950219E-07 0.5 0.5
134 8.753323 -0.3463487 1.587005 -0.2052616 3.191862 72.73895 2.911896 -0.3561862 1.585336 -0.173915 3.191862 72.73895 2.911896 -0.3365113 1.588673 -0.2366082 3.191862 72.73895 2.911896 19.92764 75.05435 0 20.20432 71.26498 9.097535E-07 0.5 0.5
135 8.834304 -0.3468213 1.585666 -0.2025395 3.868017 75.91886 3.581944 -0.3549437 1.583616 -0.1707277 3.868017 75.91886 3.581944 -0.3386989 1.587717 -0.2343513 3.868017 75.91886 3.581944 19.38147 75.0696 0 19.55336 71.68327 0 0.5 0.5
136 8.920055 -0.3518354 1.586429 -0.2036383 3.329693 83.24247 4.158522 -0.3558337 1.584048 -0.1710728 3.329693 83.24247 4.158522 -0.3478372 1.588811 -0.2362038 3.329693 83.24247 4.158522 11.17972 98.96395 4.351442E-07 11.63405 95.64904 4.358409E-07 0.5 0.5
137 9.00236 -0.3591077 1.585047 -0.2122511 3.651219 95.45693 3.832406 -0.3561257 1.582852 -0.1795638 3.651219 95.45693 3.832406 -0.3620897 1.587241 -0.2449384 3.651219 95.45693 3.832406 8.313058 117.577 4.314198E-07 8.416686 116.9203 -4.315346E-07 0.5 0.5
138 9.083689 -0.3722855 1.584208 -0.2291412 3.635618 114.227 3.435094 -0.3589247 1.58224 -0.1991448 3.635618 114.227 3.435094 -0.3856463 1.586175 -0.2591376 3.635618 114.227 3.435094 9.672752 121.0129 0 10.02411 117.9162 4.335044E-07 0.5 0.5
139 9.162079 -0.384685 1.585746 -0.2469779 3.239433 128.9373 1.849151 -0.364068 1.584686 -0.2213657 3.239433 128.9373 1.849151 -0.4053019 1.586806 -0.2725902 3.239433 128.9373 1.849151 7.418576 137.0576 2.152451E-07 7.680743 134.1846 2.153757E-07 0.5 0.5
140 9.24754 -0.3950073 1.588097 -0.2701809 2.728274 135.175 1.861826 -0.3717234 1.58703 -0.2469671 2.728274 135.175 1.861826 -0.4182913 1.589165 -0.2933948 2.728274 135.175 1.861826 6.56937 133.9211 0 6.661576 130.8127 0 0.5 0.5
141 9.312616 -0.4005801 1.589584 -0.3119304 2.59952 136.4296 357.7959 -0.3767239 1.590848 -0.2893151 2.59952 136.4296 357.7959 -0.4244363 1.58832 -0.3345458 2.59952 136.4296 357.7959 19.43051 133.9714 -9.053365E-07 19.43442 131.0417 9.053583E-07 0.5 0.5
142 9.390822 -0.4002299 1.586216 -0.3549517 3.805176 135.6619 0.004244073 -0.3767016 1.586213 -0.3319606 3.805176 135.6619 0.004244073 -0.4237581 1.586218 -0.3779427 3.805176 135.6619 0.004244073 19.03579 133.5127 -9.031631E-07 18.93109 130.6005 -1.353893E-06 0.5 0.5
143 9.457595 -0.4081191 1.579676 -0.4067178 5.926844 129.3683 1.30023 -0.3873179 1.578934 -0.3812438 5.926845 129.3683 1.30023 -0.4289204 1.580419 -0.4321918 5.926845 129.3683 1.30023 18.72916 131.2675 9.015113E-07 18.66352 127.9016 0 0.5 0.5
144 9.543967 -0.4304416 1.571458 -0.4757246 9.006886 123.2858 8.947538 -0.4132769 1.566404 -0.4481202 9.006886 123.2858 8.947538 -0.4476063 1.576511 -0.503329 9.006886 123.2858 8.947538 21.14721 139.9954 4.577106E-07 21.59132 137.0569 0 0.5 0.5
145 9.616277 -0.4483389 1.567286 -0.5385253 9.115674 130.3564 9.851287 -0.4280307 1.561729 -0.5132495 9.115674 130.3564 9.851287 -0.468647 1.572843 -0.5638011 9.115674 130.3564 9.851287 21.58931 159.1245 0 21.84759 158.4655 0 0.5 0.5
146 9.70003 -0.4679358 1.57147 -0.5988578 10.84062 141.4192 11.29787 -0.443474 1.56514 -0.577793 10.84062 141.4192 11.29787 -0.4923976 1.577799 -0.6199225 10.84062 141.4192 11.29787 24.42188 163.7912 2.344178E-07 25.38779 161.2388 9.450392E-07 0.5 0.5
147 9.76716 -0.4888859 1.571593 -0.6476464 10.52855 152.7339 8.545792 -0.4603786 1.566787 -0.6319491 10.52855 152.7339 8.545792 -0.5173932 1.576399 -0.6633436 10.52855 152.7339 8.545792 23.42243 164.9174 -4.652215E-07 24.19545 162.2897 4.679993E-07 0.5 0.5
148 9.846412 -0.4974266 1.564812 -0.6580139 14.35973 162.2922 7.675236 -0.4667011 1.560555 -0.6470597 14.35973 162.2922 7.675236 -0.5281521 1.569068 -0.6689681 14.35973 162.2922 7.675236 22.76597 171.3954 3.472155E-07 23.56994 167.7418 -2.328712E-07 0.5 0.5
149 9.926149 -0.4935628 1.557904 -0.6660709 18.53272 165.2221 7.816317 -0.4624129 1.553663 -0.6563829 18.53272 165.2221 7.816317 -0.5247127 1.562146 -0.6757588 18.53272 165.2221 7.816317 28.00797 166.8845 4.83515E-07 28.42338 163.4805 0 0.5 0.5
150 9.996194 -0.4854202 1.536256 -0.6671597 27.60935 159.6227 6.356976 -0.4553599 1.533028 -0.6541933 27.60935 159.6227 6.356976 -0.5154805 1.539483 -0.6801262 27.60935 159.6227 6.356976 41.28858 161.5466 -1.13625E-06 41.45174 159.0793 0 0.5 0.5
151 10.0832 -0.4811936 1.53188 -0.6574026 28.89165 153.0934 4.171136 -0.4524594 1.529785 -0.6415243 28.89165 153.0934 4.171136 -0.5099279 1.533975 -0.6732809 28.89165 153.0934 4.171136 46.98645 156.425 -3.754659E-06 47.15766 152.4551 1.25558E-06 0.5 0.5
152 10.15943 -0.4754702 1.528713 -0.6427664 30.63991 145.5603 1.612311 -0.4486175 1.527917 -0.6237805 30.63991 145.5603 1.612311 -0.502323 1.52951 -0.6617522 30.63991 145.5603 1.612311 50.45393 150.9567 -1.340938E-06 50.56439 146.7195 4.032238E-06 0.5 0.5
153 10.24327 -0.4782678 1.533782 -0.6347125 27.82162 146.7231 3.710619 -0.4513684 1.531899 -0.6158699 27.82162 146.7231 3.710619 -0.5051672 1.535665 -0.6535552 27.82162 146.7231 3.710619 49.23553 152.1579 -1.307561E-06 49.5152 148.0383 0 0.5 0.5
154 10.32693 -0.4870762 1.55079 -0.6293709 20.94741 151.9818 5.296082 -0.4586693 1.547954 -0.6130255 20.94741 151.9818 5.296082 -0.5154831 1.553626 -0.6457164 20.94741 151.9818 5.296082 18.75702 166.9415 0 19.28417 163.7226 0 0.5 0.5
155 10.40833 -0.5045207 1.574349 -0.6113365 10.75968 159.2114 4.287427 -0.474015 1.571933 -0.5992644 10.75968 159.2114 4.287427 -0.5350263 1.576765 -0.6234087 10.75968 159.2114 4.287427 16.08386 170.3721 1.110693E-07 16.63203 166.4882 -2.227632E-07 0.5 0.5
156 10.48761 -0.5193009 1.591361 -0.5944078 2.982334 169.1355 4.540043 -0.4871212 1.588761 -0.5880936 2.982334 169.1355 4.540043 -0.5514807 1.593961 -0.600722 2.982334 169.1355 4.540043 13.875 173.1072 -1.099293E-07 14.18497 170.4097 1.10078E-07 0.5 0.5
157 10.56926 -0.5242999 1.599708 -0.5821127 358.3916 174.7633 4.282553 -0.4916261 1.597252 -0.5791873 358.3916 174.7633 4.282553 -0.5569738 1.602164 -0.5850381 358.3916 174.7633 4.282553 7.567155 181.0595 6.728706E-09 7.929648 177.2893 -1.3469E-08 0.5 0.5
158 10.66811 -0.5238286 1.615856 -0.5707919 348.17 179.4454 4.927372 -0.4910497 1.613091 -0.5710539 348.17 179.4454 4.927372 -0.5566074 1.618622 -0.5705299 348.17 179.4454 4.927372 343.0774 191.4635 1.115521E-07 343.14 188.2689 1.11515E-07 0.5 0.5
159 10.74654 -0.5197206 1.63415 -0.5488229 336.8997 184.7279 5.317115 -0.4871758 1.631346 -0.5527146 336.8997 184.7279 5.317115 -0.5522653 1.636954 -0.5449311 336.8997 184.7279 5.317115 335.4044 198.703 0 335.3355 193.8421 0 0.5 0.5
160 10.84798 -0.5130893 1.641487 -0.5300102 331.95 186.5345 5.773952 -0.4807496 1.638566 -0.535281 331.95 186.5345 5.773952 -0.545429 1.644407 -0.5247394 331.95 186.5345 5.773952 325.2324 203.7092 0 324.9991 198.3112 -5.211385E-07 0.5 0.5
161 10.91257 -0.5085036 1.648119 -0.5110983 328.075 187.2663 7.540807 -0.4764424 1.644455 -0.5174876 328.075 187.2663 7.540807 -0.5405647 1.651783 -0.504709 328.075 187.2663 7.540807 319.1617 202.4265 0 318.9875 196.6677 0 0.5 0.5
162 11.01267 -0.5062383 1.652884 -0.4985839 322.9101 188.7322 6.13241 -0.4742311 1.650081 -0.5056442 322.9101 188.7322 6.13241 -0.5382455 1.655687 -0.4915235 322.9101 188.7322 6.13241 311.4546 203.3798 1.289637E-06 311.2572 196.6862 -1.294694E-06 0.5 0.5
163 11.08462 -0.5039791 1.656068 -0.4831507 318.115 187.9192 6.37716 -0.4719342 1.653348 -0.4900712 318.115 187.9192 6.37716 -0.536024 1.658789 -0.4762301 318.115 187.9192 6.37716 310.59 202.1287 0 310.4706 195.3674 0 0.5 0.5
164 11.18779 -0.5010748 1.65241 -0.481697 320.0386 182.4061 7.82976 -0.4686347 1.648975 -0.485941 320.0386 182.4061 7.82976 -0.5335149 1.655845 -0.477453 320.0386 182.4061 7.82976 319.7057 162.403 0 321.1232 158.1972 -5.483469E-07 0.5 0.5
165 11.27197 -0.4955825 1.64947 -0.4802445 322.343 172.4557 9.749537 -0.4629951 1.64506 -0.4793617 322.343 172.4557 9.749537 -0.5281699 1.653881 -0.4811273 322.343 172.4557 9.749537 320.3625 160.6455 5.543297E-07 321.8974 155.6123 0 0.5 0.5
166 11.36461 -0.4885796 1.648808 -0.4710512 321.9778 161.8859 11.47217 -0.4566853 1.643654 -0.4648581 321.9778 161.8859 11.47217 -0.5204739 1.653962 -0.4772443 321.9778 161.8859 11.47217 317.5532 153.5958 1.157026E-06 319.1529 148.0963 -1.128647E-06 0.5 0.5
167 11.4421 -0.4810447 1.64727 -0.4567204 323.5137 149.2991 12.94715 -0.4512404 1.641344 -0.4441205 323.5137 149.2991 12.94715 -0.5108489 1.653196 -0.4693204 323.5137 149.2991 12.94715 310.3086 148.8886 1.319783E-06 311.1987 144.7956 -1.296203E-06 0.5 0.5
168 11.5258 -0.4767058 1.643685 -0.4514158 326.9438 140.8829 11.71659 -0.4494158 1.638086 -0.4339208 326.9438 140.8829 11.71659 -0.5039959 1.649284 -0.4689108 326.9438 140.8829 11.71659 323.589 143.2069 -1.060879E-06 324.5486 138.7098 -2.09616E-06 0.5 0.5
169 11.6082 -0.4762972 1.643124 -0.4545385 327.6628 139.9045 11.76407 -0.4493504 1.637457 -0.4365407 327.6628 139.9045 11.76407 -0.503244 1.648791 -0.4725364 327.6628 139.9045 11.76407 322.8923 143.1644 0 323.6532 138.5681 2.120006E-06 0.5 0.5
170 11.68297 -0.4791675 1.642769 -0.4641046 328.3514 142.1244 10.46333 -0.4517082 1.637683 -0.4467181 328.3514 142.1244 10.46333 -0.5066268 1.647854 -0.4814911 328.3514 142.1244 10.46333 326.401 135.1745 -2.050046E-06 327.2129 131.6087 0 0.5 0.5
171 11.75611 -0.4840499 1.635755 -0.4836457 333.3021 151.8209 8.775045 -0.4543272 1.631272 -0.4702804 333.3021 151.8209 8.775045 -0.5137725 1.640239 -0.497011 333.3021 151.8209 8.775045 329.3844 150.4519 9.920642E-07 329.7695 147.1704 9.881559E-07 0.5 0.5
172 11.83506 -0.4909504 1.623709 -0.5080974 342.1126 165.0752 7.587125 -0.4590985 1.619576 -0.5009881 342.1126 165.0752 7.587125 -0.5228022 1.627843 -0.5152066 342.1126 165.0752 7.587125 352.8951 186.4253 -2.688688E-08 352.9641 185.6158 0 0.5 0.5
173 11.9006 -0.5001311 1.608904 -0.5292447 351.1093 174.547 5.113936 -0.467471 1.606007 -0.5265821 351.1093 174.547 5.113936 -0.5327913 1.611801 -0.5319072 351.1093 174.547 5.113936 355.2101 190.3783 -5.354786E-08 355.4332 187.7577 -5.35308E-08 0.5 0.5
174 11.98728 -0.511886 1.596818 -0.546346 357.5405 181.7792 3.4076 -0.4790663 1.594864 -0.5474495 357.5405 181.7792 3.4076 -0.5447057 1.598771 -0.5452425 357.5405 181.7792 3.4076 357.9759 190.3383 1.334854E-08 358.1889 187.0313 0 0.5 0.5
175 12.05212 -0.5346706 1.591127 -0.5674074 1.125449 189.495 3.216677 -0.5022701 1.589282 -0.5727898 1.125449 189.495 3.216677 -0.5670711 1.592973 -0.5620251 1.125449 189.495 3.216677 348.955 196.2608 0 349.0753 191.5691 2.17383E-07 0.5 0.5
176 12.15038 -0.5550064 1.589265 -0.5811456 0.7887893 191.8974 1.920113 -0.5228317 1.588163 -0.5879088 0.7887893 191.8974 1.920113 -0.5871812 1.590367 -0.5743824 0.7887893 191.8974 1.920113 347.9467 197.1351 1.091275E-07 348.0591 192.4803 1.09082E-07 0.5 0.5
177 12.21984 -0.5891219 1.587805 -0.6129943 0.9540854 190.3529 2.159234 -0.5567804 1.586566 -0.6188816 0.9540854 190.3529 2.159234 -0.6214634 1.589045 -0.607107 0.9540854 190.3529 2.159234 347.7099 195.8274 1.092249E-07 347.8091 191.6307 -1.091839E-07 0.5 0.5
178 12.31402 -0.621558 1.590193 -0.6410553 358.8028 185.9231 3.754747 -0.5889121 1.588039 -0.6444874 358.8028 185.9231 3.754747 -0.6542038 1.592346 -0.6376231 358.8028 185.9231 3.754747 351.8823 190.9751 5.390094E-08 352.1126 186.3058 -2.693524E-08 0.5 0.5
179 12.37818 -0.6565982 1.593893 -0.671695 355.1517 179.9977 5.664468 -0.6238624 1.590658 -0.6719681 355.1517 179.9977 5.664468 -0.6893339 1.597129 -0.6714219 355.1517 179.9977 5.664468 350.4094 182.9615 0 350.8025 178.5019 1.351396E-08 0.5 0.5
180 12.46916 -0.6935192 1.587718 -0.7118061 356.0216 177.2149 8.61209 -0.6610156 1.582804 -0.7105671 356.0216 177.2149 8.61209 -0.7260228 1.592633 -0.7130451 356.0216 177.2149 8.61209 351.1075 181.118 -6.751256E-09 351.6312 176.896 0 0.5 0.5
181 12.53573 -0.7039211 1.590586 -0.7483178 359.386 164.5439 9.018772 -0.6725917 1.58543 -0.7397127 359.386 164.5439 9.018772 -0.7352504 1.595743 -0.756923 359.386 164.5439 9.018772 353.054 166.7728 -1.075108E-07 353.7693 162.8327 -2.147117E-07 0.5 0.5
182 12.62789 -0.6926989 1.590367 -0.7736299 358.7022 151 6.609612 -0.6640768 1.586581 -0.7578624 358.7022 151 6.609612 -0.721321 1.594152 -0.7893974 358.7022 151 6.609612 358.7001 153.6179 -5.337459E-08 359.3355 148.992 -1.334111E-08 0.5 0.5
183 12.69393 -0.6745503 1.588689 -0.793928 359.6677 143.3979 6.801957 -0.6483136 1.584793 -0.7744696 359.6677 143.3979 6.801957 -0.7007869 1.592585 -0.8133863 359.6677 143.3979 6.801957 1.193568 130.0377 5.337242E-08 1.501908 127.4096 -1.067584E-07 0.5 0.5
184 12.79093 -0.6453568 1.588546 -0.8222449 357.9895 136.1929 6.391598 -0.621675 1.584886 -0.7997072 357.9895 136.1929 6.391598 -0.6690386 1.592206 -0.8447825 357.9895 136.1929 6.391598 3.154406 131.9311 0 3.54842 128.4091 1.069267E-07 0.5 0.5
185 12.85458 -0.606665 1.594171 -0.8425456 357.1597 127.5858 5.311994 -0.5865665 1.591129 -0.8166813 357.1597 127.5858 5.311994 -0.6267635 1.597212 -0.86841 357.1597 127.5858 5.311994 3.232274 132.1899 0 3.510525 129.3368 0 0.5 0.5
186 12.94142 -0.5791199 1.593076 -0.8570687 356.4892 120.4126 4.433281 -0.5623825 1.590538 -0.8288625 356.4892 120.4126 4.433281 -0.5958572 1.595614 -0.8852749 356.4892 120.4126 4.433281 0.7638593 133.0606 0 1.159171 128.6473 -5.337177E-08 0.5 0.5
187 13.01125 -0.5423743 1.598959 -0.8712643 357.8405 108.0515 4.168962 -0.5321219 1.596569 -0.8400979 357.8405 108.0515 4.168962 -0.5526266 1.601349 -0.9024308 357.8405 108.0515 4.168962 2.001851 98.98191 1.067869E-07 2.203627 95.89621 -1.068007E-07 0.5 0.5
188 13.09593 -0.522518 1.59649 -0.8736441 356.6173 92.01072 5.056574 -0.5211973 1.593596 -0.840902 356.6173 92.01072 5.056574 -0.5238388 1.599385 -0.9063861 356.6173 92.01072 5.056574 0.5980909 75.15189 0 0.7013577 73.85948 -5.336485E-08 0.5 0.5
189 13.18626 -0.5141965 1.594128 -0.8749838 358.1849 69.66135 7.08732 -0.5254223 1.590071 -0.8443295 358.1849 69.66135 7.08732 -0.5029707 1.598185 -0.9056382 358.1849 69.66135 7.08732 358.8841 75.462 -5.337098E-08 359.3438 71.26894 -5.336435E-08 0.5 0.5
190 13.27266 -0.5195287 1.592619 -0.8740239 358.1721 44.4966 8.481138 -0.5426283 1.58777 -0.8511097 358.1721 44.4966 8.481138 -0.4964291 1.597468 -0.896938 358.1721 44.4966 8.481138 356.4369 36.9994 -1.069284E-07 357.0124 33.73274 -5.343348E-08 0.5 0.5
191 13.3545 -0.5299051 1.597771 -0.8704621 356.4921 34.72354 6.919784 -0.5566078 1.593815 -0.851661 356.4921 34.72354 6.919784 -0.5032024 1.601727 -0.8892633 356.4921 34.72354 6.919784 354.4162 31.81081 1.072305E-07 355.1107 27.41586 1.071114E-07 0.5 0.5
192 13.43312 -0.5509607 1.60141 -0.865621 353.0654 26.54994 3.884954 -0.5802001 1.599197 -0.8507102 353.0654 26.54994 3.884954 -0.5217214 1.603622 -0.8805319 353.0654 26.54994 3.884954 352.7514 26.77343 -2.15163E-07 353.1653 22.77462 -1.074855E-07 0.5 0.5
193 13.51886 -0.5630823 1.603902 -0.8678595 351.1586 19.93915 1.530236 -0.5939496 1.603034 -0.8565183 351.1586 19.93915 1.530236 -0.5322151 1.604771 -0.8792008 351.1586 19.93915 1.530236 350.8819 13.30771 -1.080875E-07 351.2061 9.278778 0 0.5 0.5
194 13.59873 -0.5563241 1.609946 -0.8772956 348.6367 14.39427 1.582329 -0.5881311 1.609055 -0.8689476 348.6367 14.39427 1.582329 -0.5245171 1.610836 -0.8856437 348.6367 14.39427 1.582329 350.9002 14.2407 0 351.1047 10.20222 -5.401046E-08 0.5 0.5
195 13.69135 -0.539757 1.614419 -0.8976756 346.7825 6.646193 2.084854 -0.5723789 1.613254 -0.893599 346.7825 6.646193 2.084854 -0.5071351 1.615584 -0.9017523 346.7825 6.646193 2.084854 349.0839 11.83134 0 349.2112 7.767509 -5.432105E-08 0.5 0.5
196 13.77899 -0.5086038 1.624793 -0.9267217 341.5128 358.5002 2.118497 -0.5414764 1.623639 -0.9271966 341.5128 358.5002 2.118497 -0.4757311 1.625946 -0.9262468 341.5128 358.5002 2.118497 330.8546 0.04822739 0 331.1276 355.8751 -1.218706E-07 0.5 0.5
197 13.86503 -0.4795076 1.63481 -0.9537398 333.9218 355.7981 0.4437265 -0.5123227 1.634581 -0.9560384 333.9218 355.7981 0.4437265 -0.4466925 1.635039 -0.9514412 333.9218 355.7981 0.4437265 331.6201 347.3258 -2.426002E-07 332.1111 342.8694 4.829823E-07 0.5 0.5
198 13.9645 -0.4593212 1.635442 -0.9748881 332.7068 351.3264 0.2462283 -0.4918508 1.635316 -0.9797849 332.7068 351.3264 0.2462281 -0.4267917 1.635568 -0.9699913 332.7068 351.3264 0.2462281 329.1512 342.7898 -4.972337E-07 329.6805 337.6774 -4.945265E-07 0.5 0.5
199 14.0434 -0.4413514 1.634212 -0.9947743 330.8944 340.7274 0.03638966 -0.4724075 1.634194 -1.005623 330.8944 340.7274 0.03638966 -0.4102953 1.634231 -0.9839261 330.8944 340.7274 0.03638966 329.7722 333.4845 0 330.2402 329.4321 -9.834808E-07 0.5 0.5
200 14.14749 -0.4365905 1.632386 -1.006895 330.6928 326.3908 2.282376 -0.4643208 1.631244 -1.024555 330.6928 326.3908 2.282376 -0.4088601 1.633528 -0.9892341 330.6928 326.3908 2.282376 330.7881 322.9626 0 331.3023 317.9177 -9.733322E-07 0.5 0.5
201 14.22628 -0.4343097 1.631691 -1.021019 331.485 309.6136 4.887363 -0.456239 1.629228 -1.045416 331.485 309.6136 4.887363 -0.4123803 1.634154 -0.996622 331.485 309.6136 4.887363 333.3277 311.733 0 333.805 307.3063 -1.90299E-06 0.5 0.5
202 14.31851 -0.4324423 1.630169 -1.026212 332.3828 300.8589 6.405351 -0.4506707 1.626917 -1.053402 332.3828 300.8589 6.405351 -0.4142139 1.633421 -0.9990211 332.3828 300.8589 6.405351 343.2986 292.2522 -8.91376E-07 343.8283 289.1151 1.777896E-06 0.5 0.5
203 14.39995 -0.4331105 1.62808 -1.024375 334.6868 294.3749 5.674461 -0.4478873 1.62514 -1.053618 334.6868 294.3749 5.674461 -0.4183338 1.63102 -0.9951316 334.6868 294.3749 5.674461 347.206 279.4998 4.377552E-07 347.6516 277.1004 -8.739933E-07 0.5 0.5
204 14.47644 -0.4340558 1.625863 -1.020779 337.4415 289.4817 5.505323 -0.4461177 1.622948 -1.051245 337.4415 289.4817 5.505323 -0.4219939 1.628777 -0.9903125 337.4415 289.4817 5.505323 347.8507 276.3193 -4.366671E-07 348.3683 273.2403 0 0.5 0.5
205 14.55366 -0.4365697 1.621084 -1.024613 341.1252 278.8393 4.359292 -0.4424093 1.618718 -1.056901 341.1252 278.8393 4.359292 -0.4307301 1.62345 -0.992326 341.1252 278.8393 4.359292 344.6582 271.8858 0 345.1544 268.728 0 0.5 0.5
206 14.64793 -0.43694 1.616477 -1.03391 343.3203 271.5929 3.632701 -0.4384507 1.61448 -1.066711 343.3203 271.5929 3.632701 -0.4354294 1.618473 -1.001109 343.3203 271.5929 3.632701 345.2924 270.6196 8.826958E-07 345.5741 267.4392 4.407845E-07 0.5 0.5
207 14.71234 -0.4394653 1.613329 -1.0374 346.0303 269.429 4.332099 -0.4397382 1.610918 -1.070207 346.0303 269.429 4.332099 -0.4391924 1.615741 -1.004593 346.0303 269.429 4.332099 346.4723 272.9175 1.317203E-06 346.6905 269.7458 4.386692E-07 0.5 0.5
208 14.80561 -0.4432087 1.601956 -1.039442 351.3311 268.6656 4.327672 -0.4428189 1.599502 -1.072244 351.3311 268.6656 4.327672 -0.4435985 1.604411 -1.006639 351.3311 268.6656 4.327672 11.7227 268.0139 8.719605E-07 11.83005 266.1619 0 0.5 0.5
209 14.87022 -0.4445531 1.587868 -1.040289 359.7809 268.2075 4.843751 -0.4435384 1.58509 -1.073052 359.7809 268.2075 4.843751 -0.4455678 1.590646 -1.007526 359.7809 268.2075 4.843751 14.20116 267.6074 -4.403435E-07 14.38398 264.6633 -4.407016E-07 0.5 0.5
210 14.95262 -0.448954 1.57892 -1.037563 5.152644 268.898 3.008086 -0.4481672 1.577201 -1.070405 5.152644 268.898 3.008086 -0.4497408 1.58064 -1.004721 5.152644 268.898 3.008086 21.3269 269.7108 -9.165377E-07 21.5099 266.8123 0 0.5 0.5
211 15.0217 -0.4552415 1.574225 -1.032606 7.023112 271.5042 1.960167 -0.455967 1.573108 -1.065476 7.023112 271.5042 1.960167 -0.4545159 1.575342 -0.9997371 7.023112 271.5042 1.960167 21.50977 271.2157 -9.176858E-07 21.65767 267.7989 9.186235E-07 0.5 0.5
212 15.10465 -0.4606743 1.567404 -1.029482 10.93755 273.5735 2.091379 -0.462496 1.566225 -1.062306 10.93755 273.5735 2.091379 -0.4588527 1.568583 -0.9966571 10.93755 273.5735 2.091379 23.77432 271.4513 9.329428E-07 23.83153 267.9335 9.333538E-07 0.5 0.5
213 15.17708 -0.471005 1.558064 -1.029813 13.11553 275.8995 2.916507 -0.4740041 1.556434 -1.062532 13.11553 275.8995 2.916507 -0.4680059 1.559695 -0.9970946 13.11553 275.8995 2.916507 27.90509 279.4918 9.661087E-07 28.13731 275.6245 9.68195E-07 0.5 0.5
214 15.26416 -0.4831239 1.561547 -1.034047 12.97017 270.6916 1.344823 -0.4833476 1.560795 -1.066934 12.97017 270.6916 1.344823 -0.4829002 1.5623 -1.001161 12.97017 270.6916 1.344823 19.50991 258.5789 0 19.25046 254.3753 0 0.5 0.5
215 15.34559 -0.5073736 1.560334 -1.034295 13.64325 268.5069 2.068667 -0.506237 1.55918 -1.067152 13.64325 268.5069 2.068667 -0.5085102 1.561488 -1.001439 13.64325 268.5069 2.068667 7.125869 241.8352 4.302097E-07 7.095598 240.9934 4.301814E-07 0.5 0.5
216 15.43211 -0.542416 1.565122 -1.031796 10.12469 264.7513 2.39109 -0.5391691 1.563771 -1.064504 10.12469 264.7513 2.39109 -0.545663 1.566474 -0.9990883 10.12469 264.7513 2.39109 8.022166 243.2394 2.155528E-07 7.983662 241.4699 4.310648E-07 0.5 0.5
217 15.51076 -0.5610975 1.571716 -1.029504 6.319623 257.1059 0.7260423 -0.5537125 1.571301 -1.061558 6.319623 257.1059 0.7260423 -0.5684825 1.57213 -0.9974504 6.319623 257.1059 0.7260423 6.128002 241.7729 -4.293401E-07 6.088437 239.3409 0 0.5 0.5
218 15.59852 -0.555596 1.58131 -1.019927 4.141572 246.6188 0.1156296 -0.5425369 1.581244 -1.05012 4.141572 246.6188 0.1156296 -0.5686551 1.581376 -0.9897339 4.141572 246.6188 0.1156296 8.795547 236.5119 4.319667E-07 8.671243 233.1586 0 0.5 0.5
219 15.68205 -0.5154523 1.585866 -1.006469 3.224871 229.287 1.577767 -0.4939645 1.584961 -1.031361 3.224871 229.287 1.577767 -0.53694 1.58677 -0.9815764 3.224871 229.287 1.577767 8.809876 230.2163 -6.47975E-07 8.765095 226.6412 0 0.5 0.5
220 15.76144 -0.4843781 1.591669 -0.9820176 358.0319 224.2762 1.308317 -0.4608491 1.590918 -1.004996 358.0319 224.2762 1.308317 -0.5079072 1.592419 -0.9590396 358.0319 224.2762 1.308317 1.507543 230.2215 0 1.578429 226.6765 0 0.5 0.5
221 15.84668 -0.4656594 1.59326 -0.9658964 355.4911 224.4816 1.946897 -0.4422638 1.592145 -0.9889956 355.4911 224.4816 1.946897 -0.4890549 1.594374 -0.9427972 355.4911 224.4816 1.946897 349.0411 229.713 0 349.116 225.7005 -8.694132E-07 0.5 0.5
222 15.92568 -0.4472404 1.602734 -0.9633555 351.4625 221.4286 3.172595 -0.422792 1.600934 -0.9852918 351.4625 221.4286 3.172595 -0.4716888 1.604535 -0.9414192 351.4625 221.4286 3.172595 345.4384 223.59 0 345.6119 219.7408 -4.407098E-07 0.5 0.5
223 16.00523 -0.4356238 1.604362 -0.9668162 349.0281 216.8014 4.698882 -0.4096789 1.601716 -0.986867 349.0281 216.8014 4.698882 -0.4615686 1.607007 -0.9467655 349.0281 216.8014 4.698882 344.5114 214.2469 -8.859482E-07 344.8431 210.8392 -4.422719E-07 0.5 0.5
224 16.07896 -0.4270116 1.595644 -0.9753453 353.4031 210.2599 4.500566 -0.3988345 1.59308 -0.9921276 353.4031 210.2599 4.500566 -0.4551887 1.598209 -0.958563 353.4031 210.2599 4.500566 348.6193 211.9522 2.177244E-07 348.902 209.0418 2.17511E-07 0.5 0.5
225 16.17229 -0.4227867 1.579365 -0.9830461 1.982557 205.9358 0.7809694 -0.3931995 1.578916 -0.9974184 1.982557 205.9358 0.7809694 -0.4523739 1.579813 -0.9686737 1.982557 205.9358 0.7809694 9.027914 204.6615 0 9.147145 200.6207 1.080963E-07 0.5 0.5
226 16.25645 -0.4217617 1.574502 -0.9889784 3.571677 201.4082 359.3383 -0.3911458 1.574881 -1.001007 3.571677 201.4082 359.3383 -0.4523776 1.574123 -0.9769496 3.571677 201.4082 359.3383 14.31904 202.2484 -2.202869E-07 14.26419 198.8913 -2.202332E-07 0.5 0.5
227 16.33945 -0.4229404 1.572398 -0.9920617 5.043478 201.3105 359.4445 -0.392305 1.572716 -1.004043 5.043478 201.3105 359.4445 -0.4535758 1.572081 -0.9800808 5.043478 201.3105 359.4445 13.93761 203.7989 0 13.93105 201.1108 6.597355E-07 0.5 0.5
228 16.41768 -0.4252146 1.570771 -0.9944168 5.918474 201.2618 359.6445 -0.3945656 1.570974 -1.006365 5.918474 201.2618 359.6445 -0.4558635 1.570568 -0.9824683 5.918474 201.2618 359.6445 23.84079 187.9575 -1.166776E-07 23.54841 185.0551 0 0.5 0.5
229 16.49825 -0.4224689 1.566637 -0.9982427 7.13559 198.7701 358.5185 -0.3913665 1.567481 -1.008924 7.13559 198.7701 358.5185 -0.4535713 1.565793 -0.9875612 7.13559 198.7701 358.5185 20.73615 175.413 -1.141139E-07 20.37169 173.3393 0 0.5 0.5
230 16.58557 -0.4158053 1.563535 -1.000098 8.513928 197.3895 359.4516 -0.3844279 1.563846 -1.009974 8.513928 197.3895 359.4516 -0.4471828 1.563223 -0.9902225 8.513928 197.3895 359.4516 20.96095 174.0122 -1.142845E-07 20.56397 171.7531 0 0.5 0.5
231 16.67573 -0.3998664 1.559535 -1.006112 9.669405 191.9785 357.3205 -0.3677752 1.561051 -1.013185 9.669405 191.9785 357.3205 -0.4319576 1.558019 -0.9990392 9.669405 191.9785 357.3205 23.17488 171.9898 0 22.70521 169.4889 4.627484E-07 0.5 0.5
232 16.76128 -0.3634139 1.54954 -1.011516 13.10035 176.549 354.9944 -0.3306633 1.552335 -1.010193 13.10035 176.549 354.9944 -0.3961645 1.546744 -1.012839 13.10035 176.549 354.9944 20.03059 160.1578 2.271859E-07 19.51423 157.9265 4.529021E-07 0.5 0.5
233 16.83992 -0.3408894 1.5455 -1.01165 14.56663 171.4295 356.1693 -0.3083507 1.547627 -1.007305 14.56663 171.4295 356.1693 -0.373428 1.543373 -1.015995 14.56663 171.4295 356.1693 24.24126 159.5448 4.681676E-07 23.67785 156.5342 0 0.5 0.5
234 16.87604 -0.3273582 1.542694 -1.010423 16.55582 170.1299 358.3087 -0.2949154 1.543625 -1.005059 16.55582 170.1299 358.3087 -0.3598009 1.541763 -1.015787 16.55582 170.1299 358.3087 25.97513 159.4489 -4.748546E-07 25.49178 156.3788 9.458554E-07 0.5 0.5
235 16.92949 -0.3341927 1.540413 -1.012987 15.445 174.3676 0.2388723 -0.3014591 1.54028 -1.009722 15.445 174.3676 0.2388723 -0.3669263 1.540545 -1.016252 15.445 174.3676 0.2388723 25.68898 164.0251 0 25.32799 160.2118 0 0.5 0.5
236 16.96633 -0.3320241 1.545359 -1.009308 15.16544 175.3967 359.1539 -0.2992272 1.545828 -1.006795 15.16544 175.3967 359.1539 -0.3648209 1.54489 -1.011822 15.16544 175.3967 359.1539 24.57785 165.118 0 24.279 161.7643 -9.366132E-07 0.5 0.5
237 17.03223 -0.3368994 1.545272 -1.006433 14.91566 177.3052 359.037 -0.3040374 1.545806 -1.005029 14.91566 177.3052 359.037 -0.3697614 1.544738 -1.007837 14.91566 177.3052 359.037 25.3196 168.8798 -4.722532E-07 25.05583 165.2825 -4.712318E-07 0.5 0.5
238 17.07244 -0.343097 1.544624 -1.003139 15.01257 180.2522 358.5823 -0.310212 1.54541 -1.003494 15.01257 180.2522 358.5823 -0.375982 1.543838 -1.002783 15.01257 180.2522 358.5823 26.89969 172.2274 3.5901E-07 26.67786 168.8454 0 0.5 0.5
239 17.14203 -0.347641 1.543574 -0.9988986 15.44238 179.8628 357.8741 -0.3147666 1.54475 -0.9991449 15.44238 179.8628 357.8741 -0.3805153 1.542398 -0.9986524 15.44238 179.8628 357.8741 27.35695 170.6044 2.403206E-07 27.06782 167.7079 0 0.5 0.5
240 17.18395 -0.3578519 1.542937 -0.9910888 16.18006 178.5892 356.0778 -0.3250272 1.545098 -0.9909076 16.18006 178.5892 356.0778 -0.3906767 1.540776 -0.99127 16.18006 178.5892 356.0778 27.17253 168.9014 0 26.7456 165.5544 4.780296E-07 0.5 0.5
241 17.24819 -0.3761361 1.542255 -0.987895 16.1492 178.9346 354.2956 -0.3433914 1.545396 -0.9881957 16.1492 178.9346 354.2956 -0.4088808 1.539114 -0.9875944 16.1492 178.9346 354.2956 26.65136 171.9765 0 26.2032 168.3704 -2.378905E-07 0.5 0.5
242 17.30546 -0.4000499 1.541595 -0.987782 17.05724 182.638 352.3151 -0.367543 1.545801 -0.9905715 17.05724 182.638 352.3151 -0.4325568 1.537389 -0.9849925 17.05724 182.638 352.3151 25.25138 173.9925 0 24.80889 170.9113 2.351443E-07 0.5 0.5
243 17.37405 -0.4286099 1.541051 -0.9913064 17.66213 187.4661 353.0486 -0.3963892 1.544845 -0.9967473 17.66213 187.4661 353.0486 -0.4608306 1.537258 -0.9858656 17.66213 187.4661 353.0486 25.9836 174.1039 1.187222E-07 25.29351 170.5576 -2.360758E-07 0.5 0.5
244 17.42284 -0.4638695 1.542199 -0.9957827 17.08007 195.0065 353.5101 -0.4325815 1.545753 -1.005301 17.08007 195.0065 353.5101 -0.4951576 1.538644 -0.9862648 17.08007 195.0065 353.5101 26.18471 176.8629 -1.189264E-07 25.46895 173.3377 -2.36419E-07 0.5 0.5
245 17.48666 -0.504256 1.551937 -0.9984577 15.11432 206.4963 355.2424 -0.4752338 1.554571 -1.01372 15.11432 206.4963 355.2424 -0.5332781 1.549302 -0.9831951 15.11432 206.4963 355.2424 17.49715 195.1666 4.475962E-07 17.15689 192.1945 -1.116919E-07 0.5 0.5
246 17.53426 -0.5395474 1.560797 -0.995303 11.30472 217.8213 357.0058 -0.5138038 1.562482 -1.015714 11.30472 217.8213 357.0058 -0.5652911 1.559112 -0.9748924 11.30472 217.8213 357.0058 16.73971 231.9358 -8.91555E-07 16.805 230.3489 8.918614E-07 0.5 0.5
247 17.60068 -0.559352 1.564754 -0.9908898 10.65205 223.435 357.17 -0.5356997 1.56635 -1.013698 10.65205 223.435 357.17 -0.5830042 1.563158 -0.9680822 10.65205 223.435 357.17 17.83809 233.7195 4.484454E-07 17.90119 230.9536 4.486047E-07 0.5 0.5
248 17.65244 -0.5769699 1.567944 -0.9876722 9.061276 227.9452 357.336 -0.5551372 1.569454 -1.012233 9.061276 227.9452 357.336 -0.5988026 1.566434 -0.9631116 9.061276 227.9452 357.336 18.35915 230.5236 0 18.29755 227.2937 4.4962E-07 0.5 0.5
249 17.71989 -0.5845252 1.565717 -0.9872324 10.13466 230.5675 357.4907 -0.5638462 1.567135 -1.012777 10.13467 230.5675 357.4907 -0.6052041 1.564299 -0.9616876 10.13467 230.5675 357.4907 13.4614 236.7526 4.38946E-07 13.41753 234.2682 0 0.5 0.5
250 17.77283 -0.5870081 1.561402 -0.9891226 12.43915 231.9936 357.2155 -0.5670474 1.562963 -1.015224 12.43915 231.9936 357.2155 -0.6069688 1.559842 -0.9630209 12.43915 231.9936 357.2155 14.33656 235.8943 0 14.26307 233.4018 0 0.5 0.5
251 17.83886 -0.5826834 1.557643 -0.9905321 14.61448 231.4872 357.2494 -0.5625346 1.55917 -1.016491 14.61448 231.4872 357.2494 -0.6028323 1.556115 -0.9645734 14.61448 231.4872 357.2494 21.80065 221.7238 -4.597687E-07 21.46366 218.6953 1.376093E-06 0.5 0.5
252 17.89353 -0.5703861 1.559943 -0.9929104 13.51378 229.5366 356.485 -0.5494364 1.561904 -1.018197 13.51378 229.5366 356.485 -0.5913358 1.557982 -0.9676235 13.51378 229.5366 356.485 22.17524 220.4595 -1.382952E-06 21.82758 217.6358 9.197104E-07 0.5 0.5
253 17.96284 -0.5545931 1.565832 -0.9931132 9.987707 227.3085 356.5138 -0.532584 1.567802 -1.017483 9.987707 227.3085 356.5138 -0.5766022 1.563862 -0.9687434 9.987707 227.3085 356.5138 7.016098 221.1274 0 6.739871 217.8057 2.149287E-07 0.5 0.5
254 18.01247 -0.5383191 1.576633 -0.9925242 4.797529 224.914 357.7439 -0.5151175 1.577924 -1.015809 4.797529 224.914 357.7439 -0.5615207 1.575343 -0.9692392 4.797529 224.914 357.7439 7.056715 221.5237 2.150726E-07 6.818506 218.1899 -2.149638E-07 0.5 0.5
255 18.0925 -0.5217594 1.598636 -0.9864849 352.8495 222.7719 357.095 -0.4975015 1.60029 -1.008643 352.8495 222.7719 357.095 -0.5460173 1.596981 -0.9643267 352.8495 222.7719 357.095 353.3691 223.8092 0 353.1614 219.3479 6.449184E-07 0.5 0.5
256 18.15087 -0.4969545 1.615541 -0.9708638 344.0336 223.3158 357.7419 -0.4727936 1.616787 -0.9931543 344.0336 223.3158 357.7419 -0.5211153 1.614295 -0.9485733 344.0336 223.3158 357.7419 348.516 222.0795 -4.356075E-07 348.4151 219.3783 0 0.5 0.5
257 18.22039 -0.4731985 1.622414 -0.9571922 340.5243 224.1703 358.9628 -0.4494684 1.622975 -0.979968 340.5243 224.1703 358.9628 -0.4969286 1.621853 -0.9344165 340.5243 224.1703 358.9628 344.2791 221.6965 4.43476E-07 344.2395 218.7147 -1.330687E-06 0.5 0.5
258 18.28709 -0.45437 1.62188 -0.9509354 340.094 223.5556 359.8608 -0.4305111 1.621955 -0.9735831 340.094 223.5556 359.8608 -0.4782288 1.621805 -0.9282877 340.094 223.5556 359.8608 345.4586 223.3479 8.820278E-07 345.4492 219.9316 0 0.5 0.5
259 18.35464 -0.4471819 1.618685 -0.9519492 342.3906 223.2885 359.9368 -0.4232288 1.61872 -0.9744973 342.3906 223.2885 359.9368 -0.471135 1.618651 -0.9294011 342.3906 223.2885 359.9368 348.3322 224.1312 -4.358939E-07 348.3322 220.5404 0 0.5 0.5
260 18.4215 -0.4419469 1.611549 -0.9565443 346.5477 223.1276 0.3393251 -0.4179695 1.611359 -0.9790658 346.5477 223.1276 0.3393251 -0.4659243 1.611738 -0.9340229 346.5477 223.1276 0.3393251 348.7523 224.3775 4.352464E-07 348.7664 220.7747 0 0.5 0.5
261 18.48991 -0.4440349 1.598903 -0.965406 353.7027 223.777 359.118 -0.4202469 1.599406 -0.9881226 353.7027 223.777 359.118 -0.4678229 1.5984 -0.9426894 353.7027 223.777 359.118 9.187188 213.7244 2.16217E-07 9.084686 210.8035 0 0.5 0.5
262 18.56047 -0.444704 1.5812 -0.9791409 3.463443 223.1436 358.8222 -0.4207344 1.581875 -1.001661 3.463443 223.1436 358.8222 -0.4686735 1.580526 -0.9566205 3.463443 223.1436 358.8222 23.44053 214.659 -1.395856E-06 23.18523 211.6517 -4.643926E-07 0.5 0.5
263 18.63229 -0.4440146 1.57012 -0.9895461 8.355022 222.3217 359.3081 -0.4197325 1.570513 -1.011736 8.355021 222.3217 359.3081 -0.4682968 1.569727 -0.9673561 8.355021 222.3217 359.3081 25.79012 215.8883 0 25.61835 213.3883 -4.734275E-07 0.5 0.5
264 18.69629 -0.4521778 1.558433 -1.004356 12.19426 223.0798 357.6087 -0.4283692 1.559774 -1.027017 12.19426 223.0798 357.6087 -0.4759864 1.557091 -0.9816946 12.19426 223.0798 357.6087 28.758 218.6141 9.738941E-07 28.57511 215.568 0 0.5 0.5
265 18.77918 -0.4720575 1.548146 -1.023801 14.72945 225.4877 357.3527 -0.4492952 1.549615 -1.047505 14.72945 225.4877 357.3527 -0.4948197 1.546676 -1.000096 14.72945 225.4877 357.3527 28.11716 220.2201 0 27.85019 216.8481 9.656192E-07 0.5 0.5
266 18.8418 -0.4987462 1.546394 -1.03622 14.33133 229.9925 357.3662 -0.4779066 1.547859 -1.061631 14.33133 229.9925 357.3662 -0.5195859 1.54493 -1.010809 14.33133 229.9925 357.3662 27.78031 225.6423 -9.649981E-07 27.55108 221.7386 1.925953E-06 0.5 0.5
267 18.92857 -0.5422732 1.546184 -1.044183 13.3512 239.8531 358.4747 -0.5259327 1.547036 -1.072722 13.3512 239.8531 358.4747 -0.5586137 1.545332 -1.015645 13.3512 239.8531 358.4747 24.63986 240.9676 0 24.62648 237.62 9.391998E-07 0.5 0.5
268 18.98281 -0.5959759 1.557447 -1.049766 11.15954 248.679 357.8077 -0.5842506 1.558682 -1.080477 11.15954 248.679 357.8077 -0.6077011 1.556213 -1.019055 11.15954 248.679 357.8077 24.53328 240.3699 -9.385012E-07 24.40187 237.2853 0 0.5 0.5
269 19.07288 -0.6358362 1.560737 -1.03341 8.634 259.5197 355.0988 -0.6302893 1.563515 -1.065716 8.634 259.5197 355.0988 -0.6413832 1.557958 -1.001104 8.634 259.5197 355.0988 23.72563 260.5667 0 23.66169 257.5402 0 0.5 0.5
270 19.13538 -0.6809753 1.566391 -0.9917268 8.631558 281.2041 352.3067 -0.687958 1.570745 -1.023577 8.631558 281.2041 352.3067 -0.6739925 1.562037 -0.9598763 8.631558 281.2041 352.3067 12.79337 293.9619 4.37754E-07 12.78322 292.6333 8.754729E-07 0.5 0.5
271 19.21454 -0.6923714 1.570958 -0.9465513 5.920861 302.3785 354.3492 -0.7101843 1.57418 -0.9740193 5.920861 302.3785 354.3492 -0.6745585 1.567736 -0.9190834 5.920861 302.3785 354.3492 8.111583 308.5649 -4.312009E-07 7.870542 305.2216 0 0.5 0.5
272 19.28445 -0.6879431 1.573781 -0.903698 4.474596 318.7468 355.7548 -0.7127321 1.576209 -0.9251871 4.474596 318.7468 355.7548 -0.6631541 1.571354 -0.8822089 4.474596 318.7468 355.7548 4.349774 327.5154 1.0703E-07 4.059937 323.2981 0 0.5 0.5
273 19.36235 -0.6723125 1.576059 -0.8537154 1.833563 332.4362 356.1007 -0.7014406 1.578295 -0.8688391 1.833563 332.4362 356.1007 -0.6431844 1.573823 -0.8385918 1.833563 332.4362 356.1007 5.166808 328.2233 1.071571E-07 4.91828 324.675 1.071161E-07 0.5 0.5
274 19.42987 -0.6558337 1.58372 -0.8092553 358.6366 341.4665 356.5238 -0.6869515 1.585714 -0.8197374 358.6366 341.4665 356.5238 -0.624716 1.581726 -0.7987732 358.6366 341.4665 356.5238 3.659894 334.0647 -5.34699E-08 3.421119 330.2985 -1.069122E-07 0.5 0.5
275 19.50546 -0.6509686 1.582836 -0.7843285 357.2559 347.1064 356.933 -0.6829707 1.584594 -0.7917407 357.2559 347.1064 356.933 -0.6189664 1.581078 -0.7769164 357.2559 347.1064 356.933 0.0477386 345.2249 -4.168818E-10 359.8517 341.683 0 0.5 0.5
276 19.56928 -0.6471854 1.586845 -0.7520969 358.9585 355.4472 357.1122 -0.6799339 1.588503 -0.7547348 358.9585 355.4472 357.1122 -0.614437 1.585188 -0.749459 358.9585 355.4472 357.1122 0.5891722 359.4755 -2.084518E-10 0.3755002 355.5241 1.667562E-09 0.5 0.5
277 19.6452 -0.6417509 1.587453 -0.7213575 358.4131 12.97515 358.4077 -0.6738006 1.588366 -0.7139989 358.4131 12.97515 358.4077 -0.6097012 1.586539 -0.7287161 358.4131 12.97515 358.4077 1.410536 25.75069 0 1.310675 22.88246 0 0.5 0.5
278 19.71288 -0.6430326 1.587537 -0.7081476 357.8579 28.91262 359.5397 -0.6718324 1.587801 -0.6922523 357.8579 28.91262 359.5397 -0.6142327 1.587273 -0.724043 357.8579 28.91262 359.5397 2.425522 35.08248 1.068174E-07 2.384492 31.54121 5.340709E-08 0.5 0.5
279 19.79379 -0.6546282 1.598066 -0.695752 357.2308 45.42776 358.1664 -0.6777394 1.599117 -0.6723654 357.2308 45.42776 358.1664 -0.6315169 1.597015 -0.7191385 357.2308 45.42776 358.1664 359.4868 45.04646 0 359.4197 41.28854 2.668179E-08 0.5 0.5
280 19.85675 -0.6715618 1.603789 -0.6818835 353.9341 60.12786 356.2395 -0.6881087 1.605935 -0.6535328 353.9341 60.12786 356.2395 -0.6550148 1.601644 -0.7102342 353.9341 60.12786 356.2395 357.5075 50.85563 0 357.3285 46.63717 -1.068378E-07 0.5 0.5
281 19.91871 -0.6819432 1.602083 -0.6721196 355.0143 67.95431 356.7201 -0.6944221 1.603958 -0.6417398 355.0143 67.95431 356.7201 -0.6694643 1.600208 -0.7024993 355.0143 67.95431 356.7201 355.7862 81.57349 -4.280438E-07 355.4645 77.8071 0 0.5 0.5
282 19.98448 -0.6847419 1.601688 -0.665554 354.4307 75.33582 357.5566 -0.6931939 1.603084 -0.6337926 354.4307 75.33582 357.5566 -0.67629 1.600293 -0.6973153 354.4307 75.33582 357.5566 357.4843 86.37234 -1.068246E-07 357.217 82.38401 -1.068477E-07 0.5 0.5
283 20.04857 -0.6766277 1.600537 -0.666054 355.1603 81.13766 359.4199 -0.6817232 1.600869 -0.6335564 355.1603 81.13766 359.4199 -0.6715322 1.600206 -0.6985515 355.1603 81.13766 359.4199 357.3695 88.46569 0 357.1776 83.79784 0 0.5 0.5
284 20.11683 -0.6577899 1.599822 -0.675753 355.3014 85.39666 0.4302976 -0.6604099 1.599576 -0.6429621 355.3014 85.39666 0.4302976 -0.65517 1.600068 -0.7085439 355.3014 85.39666 0.4302976 359.5246 87.94215 -5.336269E-08 359.4851 83.73358 0 0.5 0.5
285 20.19138 -0.6291268 1.599228 -0.6924101 353.3092 87.43432 0.07360439 -0.6305944 1.599186 -0.6595466 353.3092 87.43432 0.07360439 -0.6276591 1.59927 -0.7252737 353.3092 87.43432 0.07360439 2.221251 93.10438 0 2.25123 89.14227 1.068041E-07 0.5 0.5
286 20.26084 -0.59088 1.597041 -0.7171824 352.2384 87.27121 1.169444 -0.5923553 1.596376 -0.6843259 352.2384 87.27121 1.169444 -0.5894048 1.597707 -0.7500389 352.2384 87.27121 1.169444 12.01053 96.82364 0 12.13129 93.39388 4.366375E-07 0.5 0.5
287 20.32592 -0.5623253 1.595179 -0.719812 351.0651 83.87607 3.934697 -0.5654778 1.592949 -0.6871431 351.0651 83.87607 3.934697 -0.5591728 1.597409 -0.7524809 351.0651 83.87607 3.934697 11.37285 96.29802 -4.354367E-07 11.56008 92.79482 -8.714508E-07 0.5 0.5
288 20.38973 -0.5410641 1.600572 -0.7050918 353.2646 73.08947 6.099239 -0.5501865 1.597101 -0.6736768 353.2646 73.08947 6.099239 -0.5319417 1.604043 -0.7365068 353.2646 73.08947 6.099239 11.49155 75.29411 4.356191E-07 11.62447 72.3082 0 0.5 0.5
289 20.45896 -0.5331388 1.602368 -0.6951764 352.2864 67.56728 3.58281 -0.5454124 1.600331 -0.6647236 352.2864 67.56728 3.58281 -0.5208652 1.604405 -0.7256293 352.2864 67.56728 3.58281 4.505069 58.51417 4.282098E-07 4.713985 55.23549 0 0.5 0.5
290 20.53215 -0.5292501 1.609008 -0.6747143 353.0821 66.29586 0.746763 -0.5424265 1.608582 -0.6445752 353.0821 66.29586 0.746763 -0.5160737 1.609433 -0.7048535 353.0821 66.29586 0.746763 355.2099 56.19809 0 355.3842 53.55178 0 0.5 0.5
291 20.5982 -0.5358906 1.615198 -0.6511578 350.4086 62.57044 2.588562 -0.5508094 1.613733 -0.6218755 350.4086 62.57044 2.588562 -0.5209719 1.616663 -0.6804401 350.4086 62.57044 2.588562 345.8736 57.24574 8.803971E-07 346.1315 53.86037 4.397049E-07 0.5 0.5
292 20.6824 -0.5405216 1.608963 -0.6405219 350.7602 63.25481 0.1231856 -0.5553155 1.608894 -0.61114 350.7602 63.25481 0.1231856 -0.5257276 1.609033 -0.6699039 350.7602 63.25481 0.1231856 346.3996 57.93903 -8.784046E-07 346.6243 53.85129 0 0.5 0.5
293 20.74467 -0.5452351 1.613471 -0.6244279 350.2407 62.6697 0.6381569 -0.5602823 1.613109 -0.595177 350.2407 62.6697 0.6381569 -0.5301878 1.613832 -0.6536788 350.2407 62.6697 0.6381569 346.6975 58.72049 0 346.8355 54.86146 8.768159E-07 0.5 0.5
294 20.83127 -0.5516118 1.611762 -0.6216117 350.1436 62.59158 0.6671876 -0.5666957 1.611385 -0.5923799 350.1436 62.59158 0.6671876 -0.5365279 1.612139 -0.6508436 350.1436 62.59158 0.6671876 347.4093 57.69857 -4.374054E-07 347.5606 53.61271 -8.742983E-07 0.5 0.5
295 20.89895 -0.5573946 1.613533 -0.6190226 349.0946 62.37172 1.095724 -0.5725415 1.612915 -0.5898274 349.0946 62.37172 1.095724 -0.5422477 1.614151 -0.6482178 349.0946 62.37172 1.095724 355.397 63.28528 -4.282682E-07 355.4557 59.73747 -4.282331E-07 0.5 0.5
296 20.98161 -0.5588465 1.618595 -0.6208488 347.82 62.82395 0.8417544 -0.5737788 1.618123 -0.5915406 347.82 62.82395 0.8417544 -0.5439143 1.619068 -0.650157 347.82 62.82395 0.8417544 354.7923 62.70457 0 354.8707 58.49435 -2.143016E-07 0.5 0.5
297 21.0541 -0.5606672 1.624789 -0.6238844 345.5489 63.12578 0.740669 -0.5754415 1.624377 -0.5944954 345.5489 63.12578 0.740669 -0.5458929 1.625201 -0.6532735 345.5489 63.12578 0.740669 354.9674 64.07439 -2.142694E-07 355.0204 60.32651 -2.142521E-07 0.5 0.5
298 21.1435 -0.5637803 1.640722 -0.6297141 340.9889 63.14088 0.197911 -0.5786097 1.640615 -0.6003501 340.9889 63.14088 0.197911 -0.5489509 1.64083 -0.6590781 340.9889 63.14088 0.197911 357.9717 65.28597 0 357.9911 62.8764 0 0.5 0.5
299 21.20946 -0.5691145 1.652163 -0.6378722 336.4656 62.52145 359.5076 -0.584393 1.652422 -0.6087403 336.4656 62.52145 359.5076 -0.553836 1.651903 -0.667004 336.4656 62.52145 359.5076 346.1775 64.55404 0 346.1711 62.3075 8.792598E-07 0.5 0.5
