-1.921320 0.000000 -4.116984
-1.930086 0.000000 -3.681011
-1.944122 0.000000 -3.625241
-1.971132 0.000000 -3.640507
-1.781501 -0.000000 -3.606893
-1.825337 0.000000 -3.574308
-1.576790 -0.000000 -3.525036
-1.570824 0.000000 -3.443657
-1.574071 0.000000 -3.389220
-1.529492 -0.000000 -3.247866
-1.550641 0.000000 -3.158828
-1.505368 0.000000 -2.956289
-1.512784 0.000000 -2.916150
-1.473805 0.000000 -2.816530
-1.496830 0.000000 -2.740580
-1.497579 0.000000 -2.699718
-1.762642 0.000000 -2.772869
-1.774314 0.000000 -2.754598
-1.763036 0.000000 -2.624941
-1.788818 0.000000 -2.590542
-1.790377 0.000000 -2.559208
-1.810826 0.000000 -2.506790
-1.780021 0.000000 -2.437847
-1.759485 0.000000 -2.364276
-1.758434 0.000000 -2.332730
-1.727299 0.000000 -2.282684
-1.734531 0.000000 -2.273703
-1.706395 0.000000 -2.230497
-1.718948 0.000000 -2.204470
-1.714459 0.000000 -2.184273
-1.722216 0.000000 -2.212565
-1.693265 0.000000 -2.168987
-1.702571 0.000000 -2.134289
-1.701974 0.000000 -2.111568
-1.704499 0.000000 -2.098169
-1.697454 0.000000 -2.146048
-1.689750 0.000000 -2.150007
-1.720706 0.000000 -2.182594
-1.733559 0.000000 -2.209455
-1.750537 0.000000 -2.234666
-1.782676 0.000000 -2.293016
-1.815821 0.000000 -2.323695
-1.794222 0.000000 -2.350478
-1.817405 0.000000 -2.364420
-1.829072 0.000000 -2.377583
-1.843147 0.000000 -2.377063
-1.888068 0.000000 -2.430590
-1.948880 0.000000 -2.396116
-1.980036 0.000000 -2.410346
-2.002299 0.000000 -2.378692
-2.079898 0.000000 -2.442092
-2.130528 0.000000 -2.482701
-2.121128 0.000000 -2.701122
-2.189153 0.000000 -2.790193
-2.239075 0.000000 -3.360545
-2.345006 0.000000 -3.505174
-2.221867 0.000000 -3.745859
-2.272366 -0.000000 -3.795341
-2.337265 0.000000 -3.796229
-2.428488 0.000000 -3.906471
-2.472347 0.000000 -3.912027
-2.510348 0.000000 -3.928643
-2.787498 0.000000 -4.078392
-2.824472 0.000000 -4.096481
-3.291199 0.000000 -4.753797
-3.352882 0.000000 -4.855333
-3.398081 0.000000 -4.921511
-3.422769 0.000000 -4.926507
-3.492917 0.000000 -5.046216
-3.541468 0.000000 -5.113269
-3.599004 0.000000 -5.181496
-3.446912 0.000000 -4.906359
-3.474220 0.000000 -4.872501
-3.307767 0.000000 -4.490226
-3.337682 0.000000 -4.467997
-3.365594 0.000000 -4.461743
-3.347513 0.000000 -4.352997
-3.395867 0.000000 -4.348631
-3.493528 -0.000000 -3.871382
-3.480807 0.000000 -3.810349
-3.088656 0.000000 -2.737684
-3.010683 -0.000000 -2.607085
-2.978956 0.000000 -2.503145
-2.937289 0.000000 -2.402531
-2.935067 0.000000 -2.366634
-2.760481 0.000000 -2.316388
-2.756187 0.000000 -2.274377
-2.726397 0.000000 -2.249457
-2.656342 0.000000 -2.271301
-2.612901 0.000000 -2.228758
-2.559646 0.000000 -2.197107
-2.484770 0.000000 -2.122771
-2.415100 0.000000 -2.084051
-2.419624 0.000000 -2.091296
-2.356843 0.000000 -2.085167
-2.259661 0.000000 -1.980747
-2.194797 0.000000 -1.946977
-2.106832 0.000000 -1.951254
-2.047826 0.000000 -1.924624
-1.988124 0.000000 -1.957306
-1.727844 0.000000 -1.820097
-1.680723 0.000000 -1.828248
-1.283497 0.000000 -1.782130
-1.251573 0.000000 -1.867097
-1.176833 0.000000 -1.882225
-1.084199 0.000000 -1.919851
-1.044491 0.000000 -1.977410
-0.955789 0.000000 -2.015609
-0.930881 0.000000 -2.154389
-0.899346 0.000000 -2.205222
-0.872904 0.000000 -2.263074
-0.849417 0.000000 -2.291471
-0.815209 0.000000 -2.557356
-0.756064 0.000000 -2.659141
-0.753855 0.000000 -2.853757
-0.734765 0.000000 -2.958999
-0.832910 0.000000 -3.053541
-0.849366 0.000000 -3.253351
-0.796997 -0.000000 -3.395054
-0.743536 0.000000 -3.704081
-0.720444 0.000000 -3.820199
-0.590821 0.000000 -4.349075
-0.525793 0.000000 -4.641877
-0.506246 0.000000 -4.846259
-0.562827 0.000000 -3.679792
-0.540022 0.000000 -3.789996
-0.547224 0.000000 -4.090915
-0.508241 0.000000 -4.298790
-0.494683 -0.000000 -4.825699
-0.478987 0.000000 -4.909926
-0.554608 0.000000 -5.000914
-0.391585 0.000000 -6.763782
-0.403480 0.000000 -6.981111
-0.324095 0.000000 -8.244181
-0.309019 0.000000 -8.504294
-0.426878 0.000000 -8.727337
-0.556967 0.000000 -8.747786
-0.579805 0.000000 -8.980250
-0.674180 0.000000 -9.406676
-0.791618 -0.000000 -9.587263
-0.817069 0.000000 -10.470685
-0.836392 0.000000 -10.712510
-0.855146 0.000000 -10.832402
-0.852518 0.000000 -12.353606
-0.968263 0.000000 -12.298281
-0.935443 0.000000 -13.536733
-0.964850 0.000000 -13.631906
-0.974105 0.000000 -13.787276
-1.054070 0.000000 -16.096527
-1.056953 0.000000 -16.397821
-1.077399 0.000000 -18.833189
-1.088792 0.000000 -18.712098
-1.093940 0.000000 -18.511399
-1.134763 0.000000 -17.508359
-1.116168 0.000000 -17.763173
-1.164730 0.000000 -15.346399
-1.156253 0.000000 -15.478151
-1.172309 0.000000 -14.895558
-1.157619 0.000000 -12.061455
-1.151128 0.000000 -11.981456
-1.190259 0.000000 -11.750441
-1.177281 0.000000 -11.729899
-1.233816 0.000000 -14.193855
-1.231950 0.000000 -14.243929
-1.234732 0.000000 -14.278763
-1.259064 0.000000 -14.995245
-1.263604 0.000000 -14.855834
-1.289911 0.000000 -15.426663
-1.279253 0.000000 -15.401273
-1.280231 0.000000 -15.289195
-1.267040 0.000000 -15.178128
-1.224365 0.000000 -14.922808
-1.189807 0.000000 -14.005205
-1.152649 0.000000 -13.889086
-1.119184 0.000000 -12.717504
-1.083119 0.000000 -12.506398
-1.098240 0.000000 -12.538200
-1.114672 0.000000 -12.556178
-1.124099 0.000000 -12.621184
-1.130488 0.000000 -10.477423
-1.065129 0.000000 -9.835978
-0.910915 0.000000 -11.852908
-0.861285 0.000000 -11.432126
-0.867934 0.000000 -11.432740
-0.794000 0.000000 -11.348472
-0.819730 0.000000 -11.274250
-0.741813 0.000000 -12.719782
-0.773711 0.000000 -11.922833
-0.843234 0.000000 -14.519248
-1.038070 0.000000 -13.120293
-1.146876 0.000000 -14.883450
-1.296862 0.000000 -16.609879
-1.345438 0.000000 -18.565156
-1.811106 0.000000 -21.363684
-2.614416 0.000000 -23.825911
-2.969989 0.000000 -29.701338
-3.373476 0.000000 -35.043388
-3.349813 0.000000 -37.074760
-4.385065 0.000000 -36.305614
-4.852121 0.000000 -42.220634
-4.879298 0.000000 -40.795886
-5.076131 0.000000 -41.758112
-4.510762 0.000000 -35.745089
-5.493028 0.000000 -38.630902
-5.933162 0.000000 -41.744874
-5.715631 0.000000 -46.157338
-7.463174 0.000000 -64.238955
-8.612130 0.000000 -77.947469
-7.357371 0.000000 -78.242538
-10.540236 0.000000 -121.293481
-6.679435 0.000000 -99.895728
-12.314546 0.000000 -213.743424
-13.856860 0.000000 -361.717372
703.132854 -0.000000 21342.151178
9.190501 0.000000 329.312975
4.587080 0.000000 117.540879
2.312558 0.000000 64.035939
2.783350 0.000000 30.189782
2.582479 0.000000 28.031787
2.665269 0.000000 28.852054
2.911638 0.000000 29.760042
3.223567 -0.000000 32.541160
3.898808 0.000000 115.894733
4.895583 0.000000 141.341964
6.778515 0.000000 210.195991
-9.871482 0.000000 -357.949524
-2.936298 0.000000 -134.119004
8.348760 0.000000 206.427093
9.113551 -0.000000 264.674667
316.427044 0.000000 12201.876076
-368.079281 0.000000 -17029.919551
42.844444 0.000000 1906.471291
8.373947 0.000000 226.437809
11.967892 0.000000 265.668811
379.246857 0.000000 6320.793059
-54.351976 0.000000 -711.374202
-54.794426 0.000000 -595.923760
25.248733 0.000000 226.710374
-85.050843 0.000000 -708.446325
43.806309 0.000000 279.439052
110.266329 0.000000 719.657332
408.048823 0.000000 2737.564175
96.504533 0.000000 640.914224
38.351721 0.000000 259.369876
-19.764390 0.000000 -171.646874
-16.403044 0.000000 -140.586079
-24.640543 0.000000 -195.491812
-20.037090 0.000000 -149.570225
-8.438612 0.000000 -63.045707
-6.862563 0.000000 -46.499129
-5.841497 0.000000 -34.823456
-3.532810 0.000000 -22.069618
-3.425828 0.000000 -21.035011
-2.028930 0.000000 -16.588038
-1.818504 0.000000 -14.485147
-1.739775 0.000000 -13.614211
-1.524277 0.000000 -12.657838
-1.476129 0.000000 -11.685528
-1.787522 0.000000 -9.391410
-1.728110 0.000000 -9.469788
-1.694096 -0.000000 -9.208847
-1.624930 0.000000 -9.864194
-1.495451 0.000000 -9.471307
-1.522648 0.000000 -9.282600
-1.494790 0.000000 -9.143497
-1.636949 0.000000 -8.812928
-1.549121 0.000000 -8.693726
-1.506641 0.000000 -8.731148
-1.601841 0.000000 -6.998640
-1.534619 0.000000 -6.626059
-1.635882 0.000000 -6.453398
-1.529217 0.000000 -5.902032
-1.553463 0.000000 -5.711386
-1.511095 0.000000 -5.492994
-1.479610 0.000000 -5.557634
-1.344814 0.000000 -6.348784
-1.336313 0.000000 -6.458158
-0.517785 0.000000 -12.943682
-0.536661 0.000000 -12.937211
-0.626618 0.000000 -14.174260
-0.508294 0.000000 -17.842525
-0.523319 0.000000 -19.656254
-0.503762 0.000000 -20.478924
-0.635755 0.000000 -22.193343
-0.914719 0.000000 -14.227346
-0.951357 0.000000 -14.499922
-0.960441 0.000000 -14.532539
-1.127994 0.000000 -13.028783
-1.201188 0.000000 -13.369331
-1.265242 0.000000 -7.597314
-1.257244 0.000000 -7.490755
-1.244338 0.000000 -7.424737
-1.292088 0.000000 -6.338501
-1.276676 0.000000 -6.332138
-1.333033 0.000000 -6.993278
-1.318016 0.000000 -6.912781
-1.354706 0.000000 -8.393855
-1.334799 0.000000 -8.247968
-1.313890 0.000000 -8.149335
-1.370617 -0.000000 -8.321789
-1.351295 0.000000 -8.274886
-1.301550 0.000000 -8.464852
-1.267195 -0.000000 -8.177824
-1.226246 0.000000 -7.941733
-1.222675 -0.000000 -7.722283
-1.191849 0.000000 -7.689677
-1.139285 -0.000000 -7.528830
-1.130911 0.000000 -7.374354
-1.101313 0.000000 -7.330984
-1.253101 0.000000 -6.242718
-1.177909 0.000000 -6.287063
-1.210708 0.000000 -5.585114
-1.197369 0.000000 -5.474116
-1.187630 0.000000 -5.780421
-1.170123 0.000000 -5.768964
-1.120578 0.000000 -5.718089
-0.918666 0.000000 -7.600999
-0.916856 -0.000000 -7.391337
-0.933135 0.000000 -7.207689
-0.875778 0.000000 -6.990546
-0.984614 0.000000 -5.974854
-0.971905 0.000000 -5.832370
-0.966849 0.000000 -5.724942
-1.057362 0.000000 -4.690706
-1.009066 0.000000 -4.523679
-1.012975 -0.000000 -4.253238
-0.985026 -0.000000 -4.206887
-0.984461 0.000000 -4.049772
-0.942956 -0.000000 -3.630240
-0.940961 0.000000 -3.446432
-0.947493 0.000000 -3.044255
-0.954100 0.000000 -2.935223
-0.932548 0.000000 -2.857529
-0.888330 0.000000 -2.715468
-0.925953 0.000000 -2.585472
-1.106645 0.000000 -2.558197
-1.122779 0.000000 -2.528041
-1.082636 0.000000 -2.440459
-1.076930 0.000000 -2.484457
-1.081657 0.000000 -2.452942
-1.063786 0.000000 -2.442777
-1.061832 0.000000 -2.421601
-1.137560 0.000000 -2.070800
-1.150176 0.000000 -2.046441
-1.114454 0.000000 -1.899414
-1.115361 0.000000 -1.894723
-1.102333 0.000000 -1.873323
-1.050324 0.000000 -1.868453
-1.048800 0.000000 -1.859327
-1.050063 0.000000 -1.857070
-1.046193 0.000000 -1.853274
-1.038208 0.000000 -1.837481
-1.082006 0.000000 -1.841420
-1.074186 0.000000 -1.829118
-1.107608 0.000000 -1.738006
-1.086461 0.000000 -1.710970
-1.145309 0.000000 -1.379098
-1.130279 0.000000 -1.360782
-1.119883 0.000000 -1.353572
-1.074403 0.000000 -1.339694
-1.052361 0.000000 -1.342740
-0.974664 0.000000 -1.469057
-0.958139 0.000000 -1.481070
-0.941786 0.000000 -1.478983
-0.739824 -0.000000 -1.604229
-0.704911 0.000000 -1.584113
-0.639149 0.000000 -1.646526
-0.622329 0.000000 -1.636453
-0.488503 0.000000 -1.991797
-0.451543 0.000000 -2.040723
-0.411993 0.000000 -2.031572
-0.339822 0.000000 -2.266715
-0.327238 0.000000 -2.265292
-0.323596 0.000000 -2.356068
-0.292938 0.000000 -2.395287
-0.258704 0.000000 -2.455278
-0.282639 0.000000 -2.321599
-0.278574 0.000000 -2.332042
-0.275003 0.000000 -2.352542
-0.243196 0.000000 -2.375957
-0.219068 0.000000 -2.437517
-0.247053 0.000000 -2.460350
-0.205582 0.000000 -2.579639
-0.154408 0.000000 -2.688162
-0.133970 0.000000 -2.675657
-0.184646 0.000000 -2.582334
-0.163633 0.000000 -2.592480
-0.117492 0.000000 -2.612912
-0.143869 0.000000 -2.397612
-0.125537 0.000000 -2.349104
-0.348846 0.000000 -1.587720
-0.303255 -0.000000 -1.594815
-0.398484 0.000000 -1.375208
-0.382789 0.000000 -1.355347
-0.375554 0.000000 -1.327504
-0.387777 0.000000 -1.307925
-0.347616 0.000000 -1.315801
-0.479264 0.000000 -0.998677
-0.478234 0.000000 -0.987860
-0.482380 0.000000 -0.975585
-0.242534 0.000000 -0.996756
-0.244252 0.000000 -0.970821
-0.221618 0.000000 -1.032087
-0.217416 0.000000 -1.027277
-0.145038 0.000000 -1.156845
-0.126610 0.000000 -1.180950
-0.116918 0.000000 -1.153392
-0.043666 0.000000 -1.294016
-0.040864 0.000000 -1.278672
-0.023111 0.000000 -1.304827
0.031255 0.000000 -1.431415
0.032503 0.000000 -1.420549
0.133893 0.000000 -1.675568
0.138463 0.000000 -1.682183
0.145093 0.000000 -1.682956
0.145534 0.000000 -1.661870
0.096330 0.000000 -1.356175
0.101053 0.000000 -1.346143
0.118811 0.000000 -1.345792
0.052379 0.000000 -1.040231
0.062668 0.000000 -1.026975
0.099708 0.000000 -1.015198
0.105331 0.000000 -1.004029
0.138823 0.000000 -1.053353
0.135636 0.000000 -1.011632
0.114776 0.000000 -0.975383
0.132433 0.000000 -0.976400
0.112275 0.000000 -0.928857
0.116625 0.000000 -0.929436
0.122920 0.000000 -0.929468
0.257966 0.000000 -0.998756
0.299537 0.000000 -1.028359
0.355252 0.000000 -1.163651
0.377952 0.000000 -1.166141
0.382445 0.000000 -1.151034
0.429362 0.000000 -1.217103
0.429748 0.000000 -1.178334
0.307197 0.000000 -1.099851
0.300506 0.000000 -1.087486
0.075467 0.000000 -1.017328
0.088102 0.000000 -1.057388
0.091339 0.000000 -1.045832
0.185142 0.000000 -1.241592
0.185020 0.000000 -1.230353
0.369411 0.000000 -1.576812
0.370172 0.000000 -1.566083
0.375346 0.000000 -1.576876
0.530287 0.000000 -1.816312
0.536970 0.000000 -1.829456
0.550592 0.000000 -1.866606
0.554829 0.000000 -1.868728
0.556299 0.000000 -1.900986
0.142538 0.000000 -1.399309
0.140687 0.000000 -1.447584
0.108952 0.000000 -1.404458
0.117677 0.000000 -1.440965
-0.081682 0.000000 -1.259354
-0.084117 0.000000 -1.289138
-0.094728 0.000000 -1.347345
-0.128937 0.000000 -1.388848
-0.123779 0.000000 -1.428012
-0.141304 0.000000 -1.459896
-0.168945 0.000000 -1.516679
-0.137549 0.000000 -1.564759
-0.149735 0.000000 -1.576851
-0.150619 0.000000 -1.612235
-0.187675 0.000000 -1.570635
-0.222373 0.000000 -1.624491
-0.249905 0.000000 -1.687318
-0.251397 0.000000 -1.721753
-0.238697 0.000000 -1.745234
-0.350159 0.000000 -1.715270
-0.323464 0.000000 -1.759917
-0.390056 0.000000 -1.842618
-0.394540 0.000000 -1.880226
-0.262135 0.000000 -2.786735
-0.320018 0.000000 -2.916255
-0.314496 0.000000 -2.978937
-0.399691 0.000000 -3.640478
-0.399624 0.000000 -3.664848
-0.479120 0.000000 -3.857800
-0.457617 0.000000 -4.029146
-0.482996 0.000000 -4.076064
-0.526160 0.000000 -3.977911
-0.519276 0.000000 -4.000512
-0.610999 0.000000 -3.064778
-0.605400 0.000000 -3.097178
-0.536529 0.000000 -2.922303
-0.542191 0.000000 -2.927027
-0.596443 0.000000 -2.998176
-0.559741 0.000000 -2.749683
-0.570286 0.000000 -2.747631
-0.593811 0.000000 -2.150311
-0.584552 0.000000 -2.141798
-0.621756 0.000000 -2.171489
-0.308887 0.000000 -1.894987
-0.319176 0.000000 -1.894308
-0.301706 0.000000 -2.094857
-0.331970 0.000000 -2.095160
-0.224705 0.000000 -2.029101
-0.225475 0.000000 -2.027550
-0.226006 0.000000 -2.025399
-0.224623 0.000000 -2.023263
-0.245980 0.000000 -2.019681
-0.001889 0.000000 -1.903130
-0.001764 0.000000 -1.891685
0.006541 0.000000 -1.892595
0.000039 0.000000 -1.837855
0.008919 0.000000 -1.839873
-0.105390 0.000000 -1.701622
-0.102758 0.000000 -1.702878
-0.172862 0.000000 -1.321154
-0.173982 0.000000 -1.299491
-0.166920 0.000000 -1.297633
-0.275573 0.000000 -1.273936
-0.267226 0.000000 -1.275594
-0.300623 0.000000 -1.283472
-0.290077 0.000000 -1.291860
-0.292853 0.000000 -1.289294
-0.469667 0.000000 -1.352869
-0.471656 0.000000 -1.327215
-0.432055 0.000000 -1.739823
-0.427029 0.000000 -1.708338
-0.423730 0.000000 -1.704859
-0.312809 0.000000 -1.663690
-0.333309 0.000000 -1.645995
-0.291276 0.000000 -1.815238
-0.299583 0.000000 -1.801097
-0.193911 0.000000 -1.580198
-0.184297 0.000000 -1.559878
-0.216747 0.000000 -1.538700
-0.151290 0.000000 -1.504261
-0.151376 0.000000 -1.470931
-0.028346 0.000000 -1.318400
-0.058526 0.000000 -1.275677
-0.098914 0.000000 -1.379315
-0.096382 0.000000 -1.349338
-0.096170 0.000000 -1.321033
-0.087228 0.000000 -1.351095
-0.109911 0.000000 -1.282788
-0.119113 0.000000 -1.310829
-0.123292 0.000000 -1.292125
-0.125650 0.000000 -1.298922
-0.155608 0.000000 -1.264342
-0.157244 0.000000 -1.283116
-0.968989 0.000000 -2.742203
-0.971207 0.000000 -2.700924
-0.961357 -0.000000 -2.678828
-1.093557 0.000000 -3.022882
-1.074126 0.000000 -2.998458
-1.149005 0.000000 -3.396587
-1.150052 0.000000 -3.456072
-1.066549 0.000000 -3.285980
-1.083236 0.000000 -3.397439
-1.081788 0.000000 -3.418520
-1.101759 0.000000 -3.423210
-1.107483 0.000000 -3.450071
-0.898997 0.000000 -2.782940
-0.909224 0.000000 -2.818745
-1.088193 0.000000 -3.392843
-1.095675 0.000000 -3.394553
-1.084141 0.000000 -3.324069
-0.964091 0.000000 -2.870426
-0.966157 0.000000 -2.846643
-0.962878 0.000000 -2.810373
-0.961736 0.000000 -2.788441
-0.959773 0.000000 -2.722252
-0.849562 0.000000 -2.390298
-0.841821 0.000000 -2.360905
-0.664653 0.000000 -1.920005
-0.658963 0.000000 -1.863355
-0.403618 0.000000 -1.418109
-0.401890 0.000000 -1.399699
-0.400300 0.000000 -1.374639
-0.323189 0.000000 -1.285760
-0.327459 0.000000 -1.227860
-0.266975 0.000000 -1.098132
-0.265029 0.000000 -1.070285
-0.259393 0.000000 -1.052485
-0.266436 0.000000 -0.991187
-0.251390 0.000000 -0.957646
-0.217515 0.000000 -0.857826
-0.211015 0.000000 -0.826679
-0.156177 0.000000 -0.762552
-0.163841 0.000000 -0.702271
-0.143283 0.000000 -0.679092
-0.068461 0.000000 -0.581282
-0.059070 0.000000 -0.570429
-0.056941 0.000000 -0.505699
-0.036178 0.000000 -0.482541
-0.028342 0.000000 -0.457651
-0.036012 -0.000000 -0.401647
-0.023862 0.000000 -0.387625
-0.051348 0.000000 -0.308338
-0.024090 0.000000 -0.284657
-0.013098 0.000000 -0.260636
0.042116 0.000000 -0.208707
0.038100 0.000000 -0.155302
0.107651 0.000000 -0.118690
0.118846 0.000000 -0.096150
0.251971 0.000000 -0.081157
0.266938 0.000000 -0.069867
0.265562 0.000000 -0.013652
0.304035 0.000000 0.005464
0.321338 0.000000 0.031979
0.359120 0.000000 0.036104
0.361496 0.000000 0.094248
0.405774 0.000000 0.110334
0.600039 0.000000 0.064406
0.625424 0.000000 0.089918
0.901077 0.000000 -0.042330
0.913545 0.000000 0.028534
0.898555 -0.000000 0.036501
0.934194 0.000000 0.059064
0.971770 0.000000 0.062666
0.963416 0.000000 0.149312
1.051462 0.000000 0.148529
1.018163 0.000000 0.236822
1.061017 0.000000 0.255551
1.076177 0.000000 0.283370
1.102579 0.000000 0.347935
1.207723 0.000000 0.347075
1.026688 0.000000 0.456753
1.071246 0.000000 0.457477
1.046201 0.000000 0.528983
1.141542 0.000000 0.529502
1.181853 0.000000 0.542138
1.065993 0.000000 0.601817
1.095921 0.000000 0.602311
0.858383 0.000000 0.703396
0.910113 0.000000 0.707201
0.711223 0.000000 0.623705
0.715476 0.000000 0.628937
0.714156 0.000000 0.637545
0.633694 0.000000 0.654396
0.628209 0.000000 0.651495
0.764586 0.000000 0.750093
0.759462 0.000000 0.750481
0.761720 0.000000 0.757223
0.602000 0.000000 0.787713
0.608382 0.000000 0.793277
0.610544 0.000000 0.779489
0.619524 0.000000 0.788191
0.632487 0.000000 0.792638
0.642008 0.000000 0.797013
0.651532 0.000000 0.800307
0.614917 0.000000 0.806284
0.621842 0.000000 0.815076
0.628120 0.000000 0.807207
0.629556 0.000000 0.807594
0.630789 0.000000 0.808196
0.575976 0.000000 0.816884
0.582819 0.000000 0.818121
0.587451 0.000000 0.846226
0.595417 0.000000 0.845468
0.667937 0.000000 0.837905
0.670558 0.000000 0.840577
0.675888 0.000000 0.840377
0.804826 0.000000 0.816792
0.807525 0.000000 0.818837
0.813890 0.000000 0.822266
0.820511 0.000000 0.825556
0.825548 0.000000 0.829100
1.075138 0.000000 0.809695
1.081855 0.000000 0.812361
1.091419 0.000000 0.821391
1.111828 0.000000 0.824679
1.126121 0.000000 0.827675
1.139428 0.000000 0.827508
1.148954 0.000000 0.834973
1.152464 0.000000 0.821681
1.164093 0.000000 0.823206
1.172451 0.000000 0.822640
1.181472 0.000000 0.819484
1.185188 0.000000 0.820444
1.100131 0.000000 0.846220
1.102609 0.000000 0.841873
1.098524 0.000000 0.838282
1.093297 0.000000 0.830765
1.087368 0.000000 0.821969
1.048063 0.000000 0.819802
1.038283 0.000000 0.810624
1.069902 0.000000 0.798416
1.059289 0.000000 0.783230
1.047477 0.000000 0.773438
1.029857 0.000000 0.765371
1.003926 0.000000 0.762882
1.058208 0.000000 0.722606
1.013281 0.000000 0.717441
1.256400 0.000000 0.643564
1.221025 0.000000 0.631443
1.209916 0.000000 0.618992
1.170965 0.000000 0.583287
1.086399 0.000000 0.579145
1.188466 0.000000 0.533576
1.146392 0.000000 0.532527
1.132237 0.000000 0.491325
1.050478 0.000000 0.488650
1.015986 0.000000 0.475408
0.031404 0.000000 0.552147
0.019238 0.000000 0.544274
0.027244 0.000000 0.506444
0.002704 0.000000 0.493960
0.073230 0.000000 0.486570
0.063667 0.000000 0.482861
0.063463 0.000000 0.462317
0.211410 0.000000 0.465980
0.206308 0.000000 0.465352
0.214111 0.000000 0.477654
0.214429 0.000000 0.480630
0.216977 0.000000 0.479087
0.352212 0.000000 0.493743
0.352758 0.000000 0.496584
0.392811 0.000000 0.500737
0.407985 0.000000 0.505212
0.426412 0.000000 0.500040
0.447198 0.000000 0.500436
0.466711 0.000000 0.501528
0.318855 0.000000 0.469928
0.351545 0.000000 0.484299
0.389618 0.000000 0.299836
0.420870 0.000000 0.302965
0.450602 0.000000 0.297489
0.501236 0.000000 0.276827
0.560073 0.000000 0.258416
0.615361 0.000000 0.247648
0.672654 0.000000 0.239643
0.795189 0.000000 0.200197
0.896097 0.000000 0.208584
1.031000 0.000000 0.160763
1.366271 0.000000 -0.166837
1.490821 0.000000 -0.228132
2.139349 0.000000 -0.570299
2.578697 0.000000 -0.869553
3.002146 0.000000 -1.127114
4.083996 0.000000 -2.160454
4.733650 0.000000 -2.697894
8.663242 0.000000 -5.742182
17.492118 0.000000 -13.308030
58.750706 0.000000 -48.193545
-10.162524 0.000000 10.487349
-6.546482 0.000000 7.340684
-4.452563 0.000000 6.021170
-3.802068 0.000000 5.482871
-2.854546 0.000000 4.743920
-2.636925 0.000000 4.586066
-2.273916 0.000000 4.297419
-1.820481 0.000000 3.818274
-1.674725 0.000000 3.748971
-1.469296 0.000000 3.618818
-1.323900 0.000000 3.574945
-1.067889 0.000000 3.256796
-0.994366 0.000000 3.254403
-0.927247 0.000000 3.246983
-0.876088 0.000000 3.198975
-0.803329 0.000000 3.185846
-0.735155 0.000000 3.189658
-0.690754 0.000000 3.172643
-0.660738 0.000000 3.159842
-0.654637 0.000000 3.084856
-0.589945 0.000000 3.076142
-0.625844 0.000000 3.024284
-0.596725 0.000000 3.025437
-0.677536 0.000000 2.992584
-0.650841 0.000000 2.995468
-0.608766 0.000000 2.990831
-0.617054 0.000000 2.861301
-0.601936 -0.000000 2.859879
-0.639800 0.000000 2.861384
-0.607442 0.000000 2.856841
-0.591562 0.000000 2.851383
-0.642594 0.000000 2.970427
-0.633119 0.000000 2.955584
-0.654080 -0.000000 2.936108
-0.640135 0.000000 2.917871
-0.668861 -0.000000 2.854506
-0.675314 0.000000 2.856599
-0.690241 0.000000 2.859217
-0.734636 0.000000 2.810395
-0.764665 0.000000 2.824966
-0.826529 0.000000 2.790471
-0.889793 0.000000 2.824404
-0.968881 -0.000000 2.871048
-1.127891 0.000000 2.940592
-1.215685 0.000000 2.988529
-1.337469 0.000000 3.052457
-1.468318 0.000000 3.148662
-2.870936 -0.000000 4.127849
-3.265175 0.000000 4.466834
-3.802677 0.000000 4.941957
-12.685486 0.000000 12.785919
-26.769751 -0.000000 26.053574
16.116500 0.000000 -13.852529
9.149638 0.000000 -7.490311
6.572416 0.000000 -5.144053
4.431916 0.000000 -3.040848
3.070887 0.000000 -1.974628
2.238994 0.000000 -1.390594
1.898747 0.000000 -1.205314
1.503540 0.000000 -1.071300
1.297223 0.000000 -1.123686
0.967783 0.000000 -0.999274
0.781634 -0.000000 -0.996699
0.660712 0.000000 -0.969504
0.567881 0.000000 -1.074574
0.346417 0.000000 -1.052276
0.247126 0.000000 -1.121118
0.187733 0.000000 -1.050832
0.106204 0.000000 -1.087378
0.093350 0.000000 -1.236151
-0.072924 0.000000 -1.309384
-0.137976 0.000000 -1.386316
-0.191138 0.000000 -1.227650
-0.189736 0.000000 -1.377448
-0.338213 0.000000 -1.489582
-0.371847 0.000000 -1.578410
-0.353819 0.000000 -1.532319
-0.396828 0.000000 -1.576650
-0.350982 0.000000 -1.608567
-0.498270 0.000000 -1.776553
-0.545749 0.000000 -1.814807
-0.569780 0.000000 -1.784567
-0.567204 0.000000 -1.755258
-0.691453 0.000000 -1.859620
-0.567755 0.000000 -1.423489
-0.621814 0.000000 -1.466878
-0.391987 0.000000 -1.314359
-0.424505 0.000000 -1.368524
-0.395839 0.000000 -1.376237
-0.418869 0.000000 -1.407401
-0.441049 0.000000 -1.426945
-0.301808 0.000000 -1.649149
-0.365826 0.000000 -1.640186
-0.379742 0.000000 -1.651451
-0.388646 0.000000 -1.641357
-0.797582 0.000000 -2.095435
-0.755313 0.000000 -2.105838
-0.827470 0.000000 -2.135884
-0.874496 0.000000 -2.409938
-0.900452 0.000000 -2.444553
-0.844253 0.000000 -2.544283
-0.865226 0.000000 -2.556386
-0.845596 0.000000 -2.518101
-0.655482 0.000000 -2.346795
-0.671440 0.000000 -2.343436
-0.597796 0.000000 -2.108000
-0.638548 0.000000 -2.101168
-0.560744 0.000000 -2.051037
-0.581313 0.000000 -2.047137
-0.570334 0.000000 -2.005885
-0.528340 0.000000 -2.213875
-0.541937 0.000000 -2.217484
-0.538285 0.000000 -2.227155
-0.551843 0.000000 -2.247438
-0.569249 0.000000 -2.221608
-0.494715 0.000000 -2.591408
-0.515801 -0.000000 -2.633792
-0.124991 0.000000 -3.776391
-0.155345 0.000000 -3.772669
-0.147088 0.000000 -3.860807
-0.141757 0.000000 -3.874909
-0.142344 0.000000 -3.862162
-0.139423 0.000000 -3.844067
-0.160756 0.000000 -3.881388
-0.174913 0.000000 -3.847483
-0.187144 0.000000 -3.844961
-0.191631 0.000000 -3.864214
-0.248865 0.000000 -3.867879
-0.257651 0.000000 -3.888876
-0.315663 0.000000 -3.973946
-0.325868 0.000000 -4.008790
-0.329422 0.000000 -3.718264
-0.352518 0.000000 -3.786790
-0.354715 0.000000 -3.788287
-0.372254 0.000000 -4.183320
-0.357808 0.000000 -4.131860
-0.375746 0.000000 -4.077660
-0.371151 0.000000 -3.972907
-0.378805 0.000000 -3.977659
-0.406131 0.000000 -4.213107
-0.409182 0.000000 -4.237863
-0.455254 0.000000 -4.565255
-0.463718 0.000000 -4.669449
-0.460524 0.000000 -4.698022
-0.509706 0.000000 -4.878566
-0.515382 0.000000 -5.205937
-0.501894 0.000000 -4.728665
-0.509871 0.000000 -4.767228
-0.528227 0.000000 -5.139160
-0.520640 0.000000 -5.012990
-0.507325 0.000000 -4.972911
-0.496226 0.000000 -4.945650
-0.488172 0.000000 -4.901151
-0.465981 0.000000 -5.638070
-0.428836 0.000000 -5.460961
-0.420145 0.000000 -5.446022
-0.406785 0.000000 -5.397860
-0.402884 0.000000 -5.345382
-0.399156 0.000000 -5.344738
-0.380274 0.000000 -5.225430
-0.366448 0.000000 -6.405016
-0.368130 0.000000 -6.359676
-0.374336 0.000000 -6.345427
-0.399995 0.000000 -4.951814
-0.423927 0.000000 -5.024681
-0.380342 0.000000 -5.253866
-0.387630 0.000000 -5.283893
-0.388025 0.000000 -5.298272
-0.385533 0.000000 -5.194699
-0.393587 0.000000 -5.277207
-0.502292 0.000000 -4.077901
-0.509759 0.000000 -4.099112
-0.541181 0.000000 -3.577159
-0.554994 0.000000 -3.565228
-0.565945 0.000000 -3.554445
-0.603087 0.000000 -3.130930
-0.628499 0.000000 -3.160327
-0.664914 0.000000 -3.204739
-0.703341 0.000000 -3.323531
-0.732398 0.000000 -3.275076
-0.751396 0.000000 -3.350979
-0.790300 0.000000 -3.375501
-0.829668 -0.000000 -3.555567
-0.854246 0.000000 -3.648975
-0.863026 0.000000 -3.504972
-0.866574 0.000000 -3.569068
-0.861672 0.000000 -3.586529
-0.638149 0.000000 -4.310180
-0.650297 0.000000 -4.328508
-0.653653 0.000000 -4.378277
-0.645594 0.000000 -4.320016
-0.654460 0.000000 -4.226976
-0.633869 0.000000 -4.083168
-0.618940 0.000000 -3.974230
-0.590322 0.000000 -4.472854
-0.538184 0.000000 -4.369994
-0.477619 0.000000 -5.115798
-0.475482 0.000000 -4.953757
-0.498945 0.000000 -4.839909
-0.424009 0.000000 -4.899296
-0.452403 0.000000 -4.826990
-0.566210 0.000000 -3.552780
-0.569182 0.000000 -3.528467
-0.606582 0.000000 -3.343481
-0.614725 0.000000 -3.280450
-0.649199 0.000000 -3.250558
-0.754337 0.000000 -2.739325
-0.766441 0.000000 -2.689159
-0.887794 0.000000 -1.906707
-0.896458 0.000000 -1.893972
-0.896562 0.000000 -1.863732
-0.909687 0.000000 -1.762406
-0.916282 0.000000 -1.767819
-0.924875 0.000000 -1.763402
-0.948747 0.000000 -1.787097
-0.962535 0.000000 -1.805356
-0.968297 0.000000 -1.975341
-0.979505 0.000000 -1.974811
-1.033778 0.000000 -2.134245
-1.045198 0.000000 -2.151875
-1.054801 0.000000 -2.151295
-1.055751 0.000000 -2.132055
-1.061024 0.000000 -2.057898
-1.076296 0.000000 -1.948764
-1.087418 0.000000 -1.935773
-1.104740 0.000000 -1.759966
-1.111375 0.000000 -1.733211
-1.088876 0.000000 -1.726718
-1.095764 0.000000 -1.710239
-1.105676 0.000000 -1.716074
-1.045095 0.000000 -1.928248
-1.054966 0.000000 -1.917369
-0.957371 -0.000000 -2.935014
-0.965095 0.000000 -2.920459
-0.967490 0.000000 -2.903528
-0.882953 0.000000 -3.307838
-0.887754 0.000000 -3.375992
-0.905950 0.000000 -3.493046
-0.902806 0.000000 -3.581379
-0.903988 0.000000 -3.602295
-0.912515 0.000000 -3.608877
-0.917213 0.000000 -3.579003
-0.926231 0.000000 -3.834564
-0.929400 0.000000 -3.811200
-0.977534 0.000000 -3.482166
-0.981826 0.000000 -3.483617
-0.992665 -0.000000 -3.502845
-0.956562 0.000000 -3.829988
-0.963542 0.000000 -3.854646
-0.778653 0.000000 -4.511838
-0.782324 0.000000 -4.588503
-0.723776 0.000000 -5.141662
-0.732695 0.000000 -5.129694
-0.742706 0.000000 -5.103604
-0.732791 0.000000 -5.222534
-0.738946 0.000000 -5.263208
-0.639438 0.000000 -6.044358
-0.637310 0.000000 -6.016208
-0.629864 0.000000 -5.848177
-0.634774 0.000000 -5.634042
-0.630500 0.000000 -5.489466
-0.762541 0.000000 -4.384176
-0.750389 0.000000 -4.291567
-0.896381 0.000000 -3.461149
-0.906967 0.000000 -3.411311
-0.919563 0.000000 -3.377669
-0.936562 0.000000 -3.369874
-0.947380 0.000000 -3.296991
-0.779681 0.000000 -4.242032
-0.795073 0.000000 -4.220039
-0.813888 0.000000 -4.206604
-0.837271 0.000000 -4.201690
-0.862029 0.000000 -4.275629
-0.887669 0.000000 -4.720451
-0.893209 0.000000 -4.934852
-1.123840 0.000000 -4.903378
-1.162139 0.000000 -5.057804
-1.179029 0.000000 -5.296780
-1.143579 0.000000 -5.699415
-1.138895 0.000000 -5.808848
-0.809533 0.000000 -6.400197
-0.794804 0.000000 -6.608047
-0.794748 0.000000 -6.658976
-0.807741 0.000000 -6.494634
-0.793469 0.000000 -6.428629
-0.848294 0.000000 -5.771612
-0.847295 0.000000 -5.504373
-0.860487 0.000000 -5.172900
-0.933248 0.000000 -4.667391
-0.938758 0.000000 -4.521135
-0.964510 0.000000 -4.575863
-0.978539 0.000000 -4.755841
-0.990806 0.000000 -5.112679
-1.000775 0.000000 -5.270028
-1.031082 0.000000 -5.285216
-1.045453 0.000000 -5.229453
-1.067722 0.000000 -5.050327
-1.006653 0.000000 -5.286998
-1.067369 0.000000 -5.218762
-1.137121 0.000000 -5.054490
-1.181192 0.000000 -5.195433
-1.212455 0.000000 -5.265086
-1.123784 0.000000 -5.707714
-1.169653 0.000000 -5.605059
-1.264757 0.000000 -5.164922
-1.270170 0.000000 -5.111905
-1.271821 0.000000 -5.061318
-1.320975 0.000000 -4.708914
-1.315765 0.000000 -4.634319
-1.377569 0.000000 -4.449580
-1.365641 0.000000 -4.335240
-1.355456 0.000000 -4.179589
-1.328382 0.000000 -3.950846
-1.315796 0.000000 -3.671572
-1.290548 0.000000 -3.455218
-1.253873 0.000000 -3.180627
-1.281739 0.000000 -2.747744
-1.280519 0.000000 -2.500885
-1.281667 0.000000 -2.362360
-1.490703 0.000000 -1.999089
-1.511767 0.000000 -1.949730
-2.152238 0.000000 -2.075025
-2.204118 0.000000 -1.980124
-2.186118 0.000000 -2.525187
-2.238571 0.000000 -2.594341
-2.294940 0.000000 -2.686364
-2.109104 0.000000 -2.707666
-2.146311 0.000000 -2.842479
-1.770694 0.000000 -2.926492
-1.781482 0.000000 -2.967140
-1.832079 0.000000 -2.976624
-1.641748 0.000000 -3.025207
-1.658996 0.000000 -3.027479
-1.727150 0.000000 -2.939834
-1.754498 0.000000 -2.975826
-1.897282 0.000000 -2.863205
-1.925614 0.000000 -2.908636
-1.949103 0.000000 -2.959266
-1.992079 0.000000 -2.929803
-2.031361 0.000000 -2.982769
-2.107237 0.000000 -2.930373
-2.122796 0.000000 -2.946113
-2.140984 0.000000 -2.968907
-2.168517 0.000000 -2.951185
-2.194081 0.000000 -3.047273
-2.123386 0.000000 -3.128221
-2.126854 -0.000000 -3.161935
-2.126737 0.000000 -3.160472
-2.041953 0.000000 -3.126904
-2.043747 0.000000 -3.135930
-2.044320 0.000000 -3.121027
-2.046298 0.000000 -3.104502
-2.107281 -0.000000 -3.106345
-2.120380 0.000000 -3.105122
-2.131857 0.000000 -3.107648
-2.230092 0.000000 -2.997197
-2.241412 0.000000 -3.031040
-2.238326 -0.000000 -3.064183
-2.255889 -0.000000 -3.146442
-2.263527 0.000000 -3.195120
-2.208416 0.000000 -3.234145
-2.222293 0.000000 -3.265311
-2.189321 0.000000 -3.323761
-2.196643 0.000000 -3.320062
-1.897159 0.000000 -3.106691
-1.902239 0.000000 -3.106816
-1.910897 0.000000 -3.091915
-1.908292 0.000000 -3.030756
-1.917318 0.000000 -3.020609
-2.012608 0.000000 -2.918192
-2.026847 0.000000 -2.923817
-2.045122 0.000000 -2.922510
-2.030229 0.000000 -3.002945
-2.042063 0.000000 -2.985686
-2.082411 0.000000 -2.953110
-2.095895 0.000000 -2.950196
-2.172810 0.000000 -3.003988
-2.184176 0.000000 -3.013426
-2.193538 0.000000 -3.012299
-2.264866 0.000000 -2.895041
-2.269546 0.000000 -2.878671
-2.345786 0.000000 -2.852668
-2.348864 0.000000 -2.833692
-2.397915 0.000000 -2.919248
-2.404017 0.000000 -2.905123
-2.410626 -0.000000 -2.905612
-2.435959 0.000000 -2.897646
-2.435775 0.000000 -2.892263
-2.407175 0.000000 -2.937748
-2.404850 0.000000 -2.924491
-2.402400 0.000000 -2.914681
-2.401304 0.000000 -2.917249
-2.399585 0.000000 -2.924529
-2.382777 0.000000 -2.921814
-2.369055 0.000000 -2.901081
-2.285332 0.000000 -2.809438
-2.278053 -0.000000 -2.782378
-2.272135 0.000000 -2.748707
-1.913452 0.000000 -2.938681
-1.913056 0.000000 -2.906459
-1.904226 0.000000 -2.864796
-1.911194 0.000000 -2.777102
-1.921037 0.000000 -2.631207
-1.954656 0.000000 -2.483129
-1.951577 0.000000 -2.431841
-2.042096 0.000000 -2.419668
-2.039389 0.000000 -2.344745
-2.082155 0.000000 -2.191908
-2.075643 0.000000 -2.099370
-2.064753 0.000000 -2.011537
-2.172419 0.000000 -1.783059
-2.152450 0.000000 -1.686965
-2.246909 0.000000 -1.657114
-2.227816 0.000000 -1.585039
-2.211510 0.000000 -1.521691
-2.181877 0.000000 -1.528821
-2.168248 0.000000 -1.464509
-2.156492 0.000000 -1.496501
-2.151711 0.000000 -1.457394
-2.126901 0.000000 -1.486901
-2.123632 0.000000 -1.435279
-2.118512 0.000000 -1.383232
-2.085132 0.000000 -1.382830
-2.093424 0.000000 -1.360494
-2.107401 0.000000 -1.330199
-2.113901 0.000000 -1.314899
-2.114739 0.000000 -1.300981
-2.108336 0.000000 -1.338462
-2.116486 0.000000 -1.383541
-2.157183 0.000000 -1.472656
-2.180778 0.000000 -1.562417
-2.199708 0.000000 -1.643038
-2.359496 0.000000 -1.633367
-2.385153 0.000000 -1.706431
-2.420328 0.000000 -1.771635
-2.449614 0.000000 -1.820619
-2.393003 0.000000 -1.899179
-2.411242 0.000000 -1.940456
-2.428028 0.000000 -1.983113
-2.472862 0.000000 -2.051650
-2.502869 0.000000 -2.088784
-2.551970 0.000000 -2.252887
-2.588284 0.000000 -2.325898
-2.655309 0.000000 -2.466236
-2.918382 0.000000 -2.719813
-2.947917 -0.000000 -2.776562
-3.089507 0.000000 -2.948639
-3.127448 0.000000 -2.996285
-3.327533 0.000000 -3.043337
-3.396670 0.000000 -3.107035
-3.445219 0.000000 -3.158750
-3.419131 0.000000 -2.959331
-3.489548 0.000000 -3.024682
-3.401609 0.000000 -2.819256
-3.423239 0.000000 -2.849477
-3.338144 0.000000 -2.661455
-3.356992 0.000000 -2.672060
-3.391450 0.000000 -2.719842
-3.040768 0.000000 -2.362955
-3.034354 0.000000 -2.369009
-3.010466 0.000000 -2.371264
-3.012272 0.000000 -2.407256
-2.999757 0.000000 -2.427942
-2.927859 0.000000 -2.391729
-2.907104 0.000000 -2.387207
-2.861784 0.000000 -2.418905
-2.828615 0.000000 -2.370746
-2.763328 0.000000 -2.229091
-2.746428 -0.000000 -2.218346
-2.720531 0.000000 -2.225024
-2.688935 0.000000 -2.174680
-2.668571 0.000000 -2.148252
-2.632124 0.000000 -2.004954
-2.636922 0.000000 -2.010497
-2.630730 -0.000000 -2.016564
-2.576963 0.000000 -1.967370
-2.541436 0.000000 -1.929465
-2.471488 0.000000 -1.967666
-2.440686 0.000000 -1.925958
-2.403298 0.000000 -1.858199
-2.371126 0.000000 -1.794760
-2.341476 0.000000 -1.732979
-2.401330 0.000000 -1.720357
-2.362925 0.000000 -1.666658
-2.396898 0.000000 -1.653822
-2.375674 0.000000 -1.618980
-2.364083 0.000000 -1.603418
-2.365199 0.000000 -1.715517
-2.330936 0.000000 -1.660462
-2.730056 0.000000 -2.046610
-2.700178 0.000000 -2.019666
-3.232560 0.000000 -2.528444
-3.182254 0.000000 -2.480231
-3.108416 0.000000 -2.358762
-3.061222 0.000000 -2.262315
-3.027103 0.000000 -2.177690
-2.634005 0.000000 -1.791857
-2.595175 0.000000 -1.707692
-2.570218 0.000000 -1.673878
-1.782877 0.000000 -1.117628
-1.774825 0.000000 -1.125310
-1.751604 0.000000 -1.148970
-1.730193 0.000000 -1.161276
-1.947090 0.000000 -1.061154
-1.934333 0.000000 -1.082386
-1.919387 0.000000 -1.120859
-1.938487 0.000000 -1.103192
-1.917764 0.000000 -1.122270
-1.888997 0.000000 -1.187840
-1.877733 0.000000 -1.198006
-1.860956 0.000000 -1.223169
-1.779779 0.000000 -1.307587
-1.761265 0.000000 -1.279811
-1.755776 0.000000 -1.258750
-1.734694 0.000000 -1.241104
-1.755378 0.000000 -1.184486
-1.741977 0.000000 -1.144743
-1.723322 0.000000 -1.094400
-1.736145 0.000000 -1.044417
-1.715610 0.000000 -1.035947
-1.708373 0.000000 -1.028485
-1.702139 0.000000 -1.086399
-1.696491 0.000000 -1.129776
-1.692465 0.000000 -1.188013
-1.665172 0.000000 -1.202130
-1.645270 0.000000 -1.208262
-1.639615 0.000000 -1.221491
-1.705471 0.000000 -0.974315
-1.721832 0.000000 -1.006466
-1.704447 0.000000 -1.015157
-1.714570 0.000000 -1.029216
-1.701825 0.000000 -1.022486
-1.784070 0.000000 -1.035096
-1.750749 0.000000 -1.024574
-1.737600 0.000000 -1.030679
-1.726139 0.000000 -1.045162
-1.711180 0.000000 -1.049242
-1.771329 0.000000 -1.057451
-1.736742 0.000000 -1.040883
-1.743875 0.000000 -0.933559
-1.727847 0.000000 -0.924488
-1.722587 0.000000 -0.913686
-1.710245 0.000000 -0.831694
-1.712249 0.000000 -0.867647
-1.776905 0.000000 -0.913636
-1.765109 0.000000 -0.936108
-1.772594 0.000000 -0.959127
-1.757387 0.000000 -0.892529
-1.742179 0.000000 -0.861659
-1.816368 0.000000 -0.865803
-1.805018 0.000000 -0.841014
-1.815977 0.000000 -0.838876
-1.806577 0.000000 -0.828922
-1.797475 0.000000 -0.814762
-1.780244 0.000000 -0.828928
-1.762588 0.000000 -0.794538
-1.629665 0.000000 -0.814769
-1.609871 0.000000 -0.790516
-1.589048 0.000000 -0.765775
-1.486994 0.000000 -0.739330
-1.457017 0.000000 -0.695612
-1.325810 0.000000 -0.825459
-1.302877 0.000000 -0.802310
-1.282840 0.000000 -0.790998
-1.252911 0.000000 -0.782939
-1.231364 0.000000 -0.769570
-1.136939 0.000000 -0.887627
-1.117363 0.000000 -0.936129
-0.611948 0.000000 -1.754636
-0.566946 0.000000 -1.887266
-0.534813 0.000000 -1.997400
-0.442909 0.000000 -2.159168
-0.409642 -0.000000 -2.225833
-0.491436 0.000000 -1.918487
-0.438807 0.000000 -2.054184
-0.415810 0.000000 -2.172936
-0.464922 0.000000 -2.125784
-0.462669 0.000000 -2.329639
-0.395784 0.000000 -2.606317
-0.366127 0.000000 -2.690766
-0.518841 0.000000 -2.481406
-0.502274 0.000000 -2.478415
-0.503795 0.000000 -2.591193
-0.523613 0.000000 -2.609118
-0.507932 0.000000 -2.622138
-0.548308 0.000000 -2.542434
-0.547157 0.000000 -2.613353
-0.524394 0.000000 -2.655547
-0.523808 0.000000 -2.681750
-0.523705 0.000000 -2.701707
-0.500164 0.000000 -2.842509
-0.520486 0.000000 -2.905452
-0.099377 0.000000 -4.359510
-0.095178 0.000000 -4.437763
-0.089080 0.000000 -4.500874
-0.088191 0.000000 -4.902744
-0.079721 0.000000 -5.119716
-0.205881 0.000000 -5.098143
-0.239949 0.000000 -5.119788
-0.359306 0.000000 -4.873221
-0.433465 0.000000 -4.793045
-0.424183 0.000000 -5.011920
-0.502184 0.000000 -4.500215
-0.497902 0.000000 -4.608680
-0.607407 0.000000 -3.974904
-0.594833 0.000000 -4.193954
-0.602387 0.000000 -4.257919
-0.671766 0.000000 -3.571854
-0.665370 0.000000 -3.618257
-0.758942 0.000000 -3.479641
-0.759485 0.000000 -3.603843
-0.774691 0.000000 -3.502970
-0.775383 0.000000 -3.556261
-0.802303 0.000000 -3.647990
-0.848555 0.000000 -3.279922
-0.862419 0.000000 -3.377408
-0.880903 0.000000 -3.479387
-0.888810 0.000000 -3.550704
-0.919191 0.000000 -3.659106
-0.983817 0.000000 -3.371328
-0.990729 0.000000 -3.358812
-1.003739 0.000000 -3.289958
-1.037111 0.000000 -3.319818
-1.066262 0.000000 -3.447587
-1.084461 0.000000 -3.530075
-1.101452 0.000000 -3.604093
-1.044024 0.000000 -4.987867
-1.081191 0.000000 -5.177625
-1.067651 0.000000 -5.462304
-1.079889 0.000000 -5.538650
-1.136229 0.000000 -5.857570
-1.190908 0.000000 -6.477968
-1.209197 -0.000000 -6.897317
-1.188879 0.000000 -5.697456
-1.140601 0.000000 -5.469517
-1.192038 0.000000 -5.095950
-1.178371 0.000000 -5.189374
-1.193071 0.000000 -5.218271
-1.202827 0.000000 -5.253685
-1.206279 0.000000 -5.251898
-1.184950 -0.000000 -6.509890
-1.203106 0.000000 -6.510884
-1.222429 -0.000000 -6.633440
-1.110302 0.000000 -9.742896
-1.119771 0.000000 -9.867342
-1.082289 0.000000 -10.380758
-1.072193 0.000000 -10.505399
-1.063295 0.000000 -10.567812
-1.116381 0.000000 -8.976167
-1.087398 0.000000 -9.125043
-1.073047 0.000000 -8.892728
-1.060786 0.000000 -8.805988
-1.050712 0.000000 -8.875482
-1.064869 0.000000 -8.897090
-1.071621 0.000000 -9.147329
-0.901326 0.000000 -12.742492
-0.899489 0.000000 -12.615767
-0.875434 0.000000 -12.573057
-0.874601 0.000000 -12.238649
-0.878237 0.000000 -12.112486
-0.803632 0.000000 -13.265314
-0.796704 0.000000 -13.027392
-0.854852 0.000000 -11.614536
-0.847131 0.000000 -11.238210
-0.960844 0.000000 -9.600900
-0.943080 0.000000 -9.429331
-0.928227 0.000000 -9.211392
-0.960328 0.000000 -8.705399
-0.955907 0.000000 -8.515620
-0.918588 0.000000 -9.136059
-0.918022 0.000000 -9.100701
-0.914907 0.000000 -9.187419
-0.779686 0.000000 -11.560989
-0.777188 0.000000 -11.677159
-0.772021 0.000000 -11.995624
-0.775846 0.000000 -12.256621
-0.727364 0.000000 -14.055486
-0.720358 0.000000 -14.621273
-0.730482 0.000000 -15.001532
-0.745533 0.000000 -14.973332
-0.743676 0.000000 -14.939808
-0.753096 0.000000 -15.373981
-0.754673 0.000000 -15.364303
-0.838737 0.000000 -14.312767
-0.853234 0.000000 -14.522874
-0.887160 0.000000 -14.602500
-1.023934 0.000000 -11.484308
-1.023887 0.000000 -11.449072
-1.025131 0.000000 -11.519218
-1.025106 0.000000 -11.531948
-1.056486 0.000000 -11.584221
-1.039455 0.000000 -12.390812
-1.074471 0.000000 -12.544034
-1.059644 0.000000 -14.974033
-1.114532 0.000000 -15.007549
-1.173185 0.000000 -12.915351
-1.187308 0.000000 -12.986047
-1.193961 0.000000 -13.024852
-1.190873 0.000000 -13.242459
-1.207811 0.000000 -13.221311
-1.199473 0.000000 -13.270814
-1.162663 0.000000 -13.160211
-1.124671 0.000000 -12.758779
-1.021718 0.000000 -14.536505
-0.978790 0.000000 -13.764591
-0.988808 0.000000 -12.979776
-0.988973 0.000000 -12.766648
-1.063011 0.000000 -9.502199
-1.063785 0.000000 -9.480605
-1.072603 0.000000 -9.494844
-1.008971 0.000000 -9.729568
-1.002088 0.000000 -9.739291
-0.940529 0.000000 -10.074329
-0.926795 0.000000 -10.113627
-0.913393 0.000000 -10.153087
-0.931155 0.000000 -7.230158
-0.920646 -0.000000 -7.206889
-0.923375 0.000000 -7.270420
-0.906896 0.000000 -7.145751
-0.891407 0.000000 -7.102840
-0.883500 0.000000 -7.686462
-0.871548 0.000000 -7.749769
-0.865511 0.000000 -8.064424
-0.869439 0.000000 -8.074553
-0.892854 0.000000 -8.318536
-0.889089 0.000000 -8.287881
-0.882427 0.000000 -8.420208
-0.871989 0.000000 -8.274436
-0.866618 0.000000 -8.252233
-0.866029 0.000000 -7.917102
-0.860296 0.000000 -7.940620
-0.870180 0.000000 -7.712828
-0.852250 0.000000 -7.591829
-0.840477 0.000000 -7.517174
-0.827832 0.000000 -7.802651
-0.822063 0.000000 -7.741113
-0.811712 0.000000 -8.343687
-0.826449 0.000000 -8.374946
-0.835842 0.000000 -8.426625
-0.618631 0.000000 -15.893325
-0.600762 0.000000 -15.088046
0.127405 0.000000 -46.503383
0.091609 0.000000 -41.678539
0.052886 0.000000 -40.996954
0.093623 0.000000 -39.339966
0.040008 0.000000 -38.967626
-0.292657 0.000000 -27.423792
-0.292273 0.000000 -27.195348
-0.644259 -0.000000 -15.930740
-0.636617 0.000000 -15.708857
-0.635148 -0.000000 -15.611940
-0.636436 0.000000 -15.646354
-0.649871 0.000000 -15.888797
0.995873 0.000000 -69.050621
1.135020 0.000000 -74.677293
34.568712 0.000000 -1164.780647
27.647940 0.000000 -919.656708
33.588234 0.000000 -1123.626723
13.542707 0.000000 -496.086013
24.241671 0.000000 -925.643756
-53.525943 -0.000000 2091.865887
-11.852218 0.000000 461.295648
-9.868082 0.000000 464.973679
-4.050640 0.000000 186.232218
-2.798603 0.000000 129.324407
-2.247938 0.000000 104.338361
-1.812001 0.000000 95.572831
-1.034218 0.000000 -153.046824
-2.156485 0.000000 -327.105398
3.883050 0.000000 718.354343
-2.876371 0.000000 -145.781263
-5.537067 0.000000 -220.502682
-2.460988 0.000000 -46.855665
-2.852912 0.000000 -54.877618
-3.517684 0.000000 -70.690696
-4.570365 0.000000 -92.742240
-10.236971 0.000000 -234.321035
-7.556582 0.000000 -137.108055
-15.251934 0.000000 -291.761784
6.513703 0.000000 177.344313
7.540262 0.000000 201.762755
2.942921 0.000000 106.515868
3.193559 0.000000 104.278832
1.962117 0.000000 72.344298
0.516390 0.000000 44.605461
0.354411 0.000000 50.595479
0.693672 0.000000 74.688008
2.685921 0.000000 168.759812
5.849002 0.000000 357.285883
-0.944429 0.000000 109.619038
-2.768771 0.000000 500.081851
0.466811 0.000000 -206.644730
-0.001186 0.000000 -104.315863
0.004131 -0.000000 -69.758549
-12.169656 0.000000 326.706322
-40.882729 0.000000 1097.147776
-273.519735 0.000000 6341.729665
9.239040 0.000000 -228.164755
2.949021 0.000000 -73.733612
1.129523 0.000000 -38.917558
0.548538 0.000000 -26.836990
0.061508 0.000000 -18.896945
-0.092676 0.000000 -14.760401
-0.265366 0.000000 -12.922846
-0.730326 0.000000 -9.689981
-0.765238 0.000000 -9.393979
-1.070474 0.000000 -7.599141
-1.056960 0.000000 -7.011619
-1.154071 0.000000 -6.414001
-1.167503 0.000000 -6.175720
-1.184447 0.000000 -5.990506
-1.383121 0.000000 -5.260897
-1.405224 0.000000 -5.142488
-1.465031 0.000000 -4.891953
-1.483946 0.000000 -4.759729
-1.518024 0.000000 -4.629344
-1.533028 0.000000 -4.428923
-1.572782 0.000000 -4.412499
-1.553065 -0.000000 -4.411694
-1.587291 0.000000 -4.477701
-1.571075 0.000000 -4.444813
-1.585195 0.000000 -4.588896
-1.585134 0.000000 -4.739994
-1.711313 0.000000 -4.433670
-1.702600 0.000000 -4.522735
-1.718423 0.000000 -4.600171
-1.709443 0.000000 -4.642468
-1.777758 0.000000 -4.646593
-1.767014 0.000000 -4.613617
-1.761900 0.000000 -4.623169
-1.823189 0.000000 -4.440068
-1.821494 0.000000 -4.451956
-1.918482 0.000000 -4.035754
-1.921635 0.000000 -4.013583
-1.919009 -0.000000 -4.019147
-1.984035 0.000000 -4.077673
-1.990757 0.000000 -4.112720
-2.000228 0.000000 -4.102011
-1.999834 -0.000000 -4.123788
-1.967111 0.000000 -4.103524
-1.948275 0.000000 -4.062176
-1.919733 0.000000 -4.011661
-1.739737 0.000000 -3.814534
-1.707220 0.000000 -3.787322
-1.548555 0.000000 -3.627052
-1.543740 0.000000 -3.635532
-1.531987 0.000000 -3.641022
-1.490602 0.000000 -3.711115
-1.506376 0.000000 -3.775639
-1.574709 0.000000 -3.723900
-1.579003 0.000000 -3.777978
-1.582809 0.000000 -3.905016
-1.595579 0.000000 -4.006076
-1.595729 0.000000 -4.085986
-1.606352 0.000000 -4.142804
-1.612493 0.000000 -4.183324
-1.597015 0.000000 -4.641698
-1.608626 0.000000 -4.714041
-1.619004 0.000000 -4.733887
-1.662638 0.000000 -4.527341
-1.673371 0.000000 -4.560105
-1.806637 0.000000 -4.641751
-1.834006 0.000000 -4.729212
-1.852596 0.000000 -4.732763
-1.920935 0.000000 -4.571473
-1.937381 0.000000 -4.521140
-1.985006 0.000000 -4.472332
-1.998317 0.000000 -4.476248
-2.005028 0.000000 -4.350492
-1.990483 0.000000 -4.280744
-1.961327 0.000000 -4.112607
-1.964715 0.000000 -4.013842
-1.958518 0.000000 -3.955727
-1.990517 -0.000000 -3.691426
-1.963553 0.000000 -3.604085
-2.006076 0.000000 -3.579664
-2.034593 0.000000 -3.709192
-2.074529 0.000000 -3.705413
-2.258107 0.000000 -3.643792
-2.306912 0.000000 -3.645768
-2.353976 0.000000 -4.015411
-2.404895 0.000000 -4.142757
-2.452519 0.000000 -4.285745
-2.620839 0.000000 -4.723901
-2.732168 0.000000 -5.030175
-2.834797 0.000000 -5.524682
-2.926224 0.000000 -5.748739
-2.646152 0.000000 -7.803824
-2.776660 0.000000 -8.261312
-2.908283 0.000000 -9.018293
-2.474722 0.000000 -11.360874
-2.505032 0.000000 -11.675376
-2.799277 0.000000 -12.734577
-2.842553 0.000000 -13.295106
-2.873984 0.000000 -13.536642
-3.137683 0.000000 -12.856946
-3.173837 0.000000 -13.242069
-3.387092 0.000000 -13.386169
-3.505067 0.000000 -14.175615
-3.543493 0.000000 -14.401367
-3.587672 0.000000 -14.553551
-3.523980 0.000000 -14.170650
-3.484481 0.000000 -13.709617
-3.450928 0.000000 -13.261216
-3.903031 0.000000 -12.130243
-4.011626 0.000000 -12.154365
-3.905755 0.000000 -11.321699
-4.107074 0.000000 -11.466854
-4.177785 0.000000 -11.644020
-3.184073 0.000000 -12.077578
-3.053327 0.000000 -11.862858
-2.190666 0.000000 -10.291937
-2.134778 0.000000 -10.352606
-2.115820 0.000000 -10.396778
-1.900402 0.000000 -10.463595
-1.850235 0.000000 -10.082609
-1.880021 0.000000 -9.974192
-1.919774 0.000000 -9.793218
-1.987035 0.000000 -9.627990
-2.513911 0.000000 -8.910164
-2.599329 -0.000000 -8.786949
-2.651305 0.000000 -8.568820
-2.670268 0.000000 -8.570720
-2.758937 0.000000 -8.618261
-2.734657 0.000000 -8.525543
-2.779539 -0.000000 -8.665227
-2.605631 0.000000 -8.378904
-2.611502 0.000000 -8.420090
-2.235115 0.000000 -8.575955
-2.224490 0.000000 -8.658997
-2.208653 0.000000 -8.748731
-2.229344 0.000000 -8.942786
-2.256334 0.000000 -9.013379
-2.352598 0.000000 -9.122771
-2.391713 0.000000 -9.153467
-2.403658 0.000000 -9.136764
-2.393415 0.000000 -9.040585
-2.383325 0.000000 -8.867894
-2.424414 0.000000 -8.859515
-2.463096 0.000000 -8.826629
-3.085477 0.000000 -9.897801
-3.124522 0.000000 -10.040714
-3.156692 0.000000 -10.242751
-3.289148 0.000000 -10.828248
-3.318703 0.000000 -11.267056
-3.400331 0.000000 -11.722374
-3.484002 0.000000 -12.416213
-3.655546 0.000000 -13.347574
-3.743982 0.000000 -14.226821
-3.877473 0.000000 -15.242780
-3.796332 -0.000000 -15.823366
-4.253332 0.000000 -18.694780
-4.526740 0.000000 -19.727377
-4.540767 0.000000 -20.099433
-4.717852 0.000000 -22.066263
-5.937541 0.000000 -29.564805
-6.229938 0.000000 -32.410370
-6.398947 0.000000 -34.083990
-5.958172 0.000000 -34.000891
-6.164562 0.000000 -39.015867
-6.636048 0.000000 -48.566873
-5.875330 0.000000 -51.238235
-3.440833 0.000000 -46.645427
-3.037406 0.000000 -48.762050
-4.064799 0.000000 -80.025605
-1.869961 0.000000 -91.864460
0.952073 0.000000 -143.618326
7.382502 0.000000 -130.798895
13.338382 0.000000 -169.363817
-31.219302 0.000000 282.906214
-28.052013 0.000000 186.354022
7.071345 0.000000 -24.491620
7.375044 0.000000 -23.646168
11.476114 -0.000000 -32.117568
10.062670 0.000000 -25.402646
10.067932 0.000000 -23.903229
15.927042 0.000000 -40.215699
13.147210 0.000000 -32.085945
14.634908 0.000000 -32.862661
23.701382 0.000000 -52.817260
17.570714 0.000000 -37.543721
14.122648 0.000000 -29.449719
12.285032 0.000000 -23.470517
11.915256 0.000000 -23.140660
10.086837 0.000000 -19.003382
8.892570 0.000000 -16.255507
9.909991 0.000000 -18.827460
8.871589 0.000000 -15.963657
5.447237 0.000000 -10.330437
4.742746 0.000000 -8.869864
4.324326 0.000000 -8.101916
4.158545 0.000000 -8.342795
3.610491 -0.000000 -7.228797
3.363780 0.000000 -6.715004
3.115538 0.000000 -6.229842
3.587796 0.000000 -7.138255
3.283438 -0.000000 -6.534745
2.925188 0.000000 -5.875585
2.767012 0.000000 -5.677367
2.654901 0.000000 -5.548552
2.547419 0.000000 -5.663120
2.382185 0.000000 -5.486073
2.311700 0.000000 -5.474378
2.494703 0.000000 -6.480188
2.459848 0.000000 -6.470983
2.651608 0.000000 -6.749866
2.485910 0.000000 -6.499672
2.371749 0.000000 -6.305159
2.295292 0.000000 -6.194613
2.192597 0.000000 -6.011332
2.067080 0.000000 -5.690126
1.990519 0.000000 -5.549237
1.914815 0.000000 -5.582100
1.859423 0.000000 -5.454631
1.759712 0.000000 -5.255625
1.672608 0.000000 -5.250808
1.611835 0.000000 -5.107211
1.529715 0.000000 -4.934525
1.497744 0.000000 -4.818523
1.490631 0.000000 -4.766944
1.471251 0.000000 -4.641810
1.507317 0.000000 -4.690751
1.517236 0.000000 -4.707120
1.605372 0.000000 -4.815381
1.493239 0.000000 -4.501713
1.579641 0.000000 -4.614250
1.674697 0.000000 -4.739068
1.911632 0.000000 -5.227432
2.039452 0.000000 -5.385753
2.424413 0.000000 -5.847405
2.574776 0.000000 -5.903800
2.611783 0.000000 -5.822361
2.922292 0.000000 -6.035895
2.960969 0.000000 -5.906774
3.313351 0.000000 -6.264568
3.325496 0.000000 -6.196364
3.028861 0.000000 -5.337065
2.951414 0.000000 -5.258294
2.909316 0.000000 -5.293976
2.935141 0.000000 -5.425526
2.903458 0.000000 -5.445500
2.918172 0.000000 -5.547743
2.962287 0.000000 -5.663556
3.126515 0.000000 -5.985649
3.178438 0.000000 -6.064450
3.243468 0.000000 -6.185452
3.535549 0.000000 -7.007696
3.587728 0.000000 -7.158429
4.051517 0.000000 -8.417521
4.187250 -0.000000 -8.715079
4.423545 0.000000 -9.261673
4.520450 0.000000 -9.670003
4.686887 0.000000 -10.198787
4.550318 0.000000 -10.143222
4.769388 0.000000 -10.824286
4.437567 0.000000 -9.874144
4.566189 0.000000 -10.256151
4.665987 0.000000 -10.594657
4.670131 0.000000 -10.667634
4.783416 0.000000 -11.193358
5.047790 0.000000 -12.117897
5.220163 0.000000 -12.843138
5.342286 0.000000 -13.485627
4.950782 0.000000 -12.590780
5.195355 0.000000 -13.569129
5.486488 0.000000 -14.577049
5.640533 0.000000 -15.356157
6.196335 0.000000 -16.526539
6.142155 0.000000 -17.044828
6.673308 0.000000 -19.075284
5.812169 0.000000 -16.010661
5.877948 0.000000 -16.417896
5.414027 0.000000 -15.050781
5.527665 -0.000000 -15.609658
5.579353 0.000000 -16.001584
4.786800 0.000000 -13.162079
4.812361 0.000000 -13.361864
4.467772 0.000000 -12.565093
4.520963 0.000000 -12.924055
4.334164 0.000000 -12.649381
4.303075 0.000000 -12.731475
4.215816 0.000000 -12.754702
4.023968 0.000000 -12.656102
3.991207 0.000000 -12.751579
5.142258 0.000000 -17.770140
5.159114 0.000000 -18.006016
4.957123 0.000000 -17.793725
5.898111 0.000000 -22.396282
5.968326 0.000000 -23.036255
6.124459 0.000000 -24.080187
6.230254 0.000000 -25.156709
4.889249 0.000000 -19.227945
5.090867 0.000000 -20.434657
5.265025 0.000000 -21.611447
5.281707 0.000000 -22.193628
5.390547 0.000000 -23.509321
6.034503 0.000000 -27.244072
6.548207 0.000000 -30.360093
7.078277 0.000000 -33.826247
7.787549 0.000000 -39.850685
9.273135 0.000000 -49.484564
36.783292 0.000000 -218.512725
290.713600 0.000000 -1810.110112
-23.277464 0.000000 153.142677
-13.788113 0.000000 99.525753
-7.571853 0.000000 59.918115
-5.578565 0.000000 47.697225
-4.346673 -0.000000 40.717375
-2.812181 0.000000 31.598424
-2.060293 0.000000 26.913094
-1.607532 0.000000 24.500384
-1.485454 0.000000 25.222893
-1.165211 0.000000 23.071560
-0.367497 0.000000 18.076729
-0.022857 0.000000 15.951206
0.041765 0.000000 17.131435
0.279027 0.000000 15.896282
0.578549 0.000000 14.937227
0.767036 0.000000 14.032426
0.911112 0.000000 13.437264
1.037049 0.000000 12.955108
1.095035 0.000000 12.577229
1.354615 0.000000 12.520033
1.400445 0.000000 10.246518
1.488413 0.000000 10.008861
1.292503 -0.000000 8.640232
1.392557 0.000000 8.462872
1.445572 0.000000 8.352835
1.494369 0.000000 8.174214
1.538819 0.000000 7.966242
1.617395 0.000000 7.131751
1.751607 0.000000 7.108999
1.921947 0.000000 7.784057
1.973566 0.000000 7.636265
2.009637 0.000000 7.469356
2.187462 0.000000 7.546611
2.169991 0.000000 7.218030
2.242001 0.000000 7.630802
2.230519 0.000000 7.393885
2.250206 0.000000 7.360152
2.334879 0.000000 7.265776
2.313545 0.000000 6.924699
2.626898 0.000000 7.447109
2.647302 0.000000 7.307268
2.700984 0.000000 7.116496
2.729133 0.000000 7.002399
2.779684 0.000000 6.969647
4.223037 0.000000 8.887571
4.342878 0.000000 9.033631
5.061140 0.000000 10.086127
5.358411 0.000000 10.425022
6.624024 0.000000 12.936636
7.039514 0.000000 13.600242
7.629214 0.000000 14.475123
8.133632 0.000000 15.161222
8.551767 0.000000 15.639837
7.808486 0.000000 13.992537
8.007892 0.000000 14.123669
8.620536 -0.000000 14.861574
9.415183 0.000000 15.733790
10.093533 0.000000 16.588322
12.614773 0.000000 20.291802
13.803043 0.000000 21.977653
15.388040 0.000000 24.427529
17.177486 0.000000 27.375322
19.945788 0.000000 31.829706
17.255869 0.000000 27.105733
19.653005 0.000000 30.767385
15.002016 0.000000 22.943942
16.627869 0.000000 25.057262
18.135085 0.000000 27.048215
16.094113 0.000000 24.056675
17.830405 -0.000000 26.483342
19.302853 0.000000 28.514424
21.073518 0.000000 30.635867
23.167662 0.000000 33.899117
22.995640 0.000000 33.859523
35.051116 0.000000 51.485311
28.927825 0.000000 45.164842
34.637795 0.000000 54.097607
44.256354 -0.000000 70.869709
58.324806 0.000000 93.877096
60.528367 0.000000 97.930954
-86.908187 0.000000 -142.889783
-74.586262 0.000000 -121.884162
-47.303674 0.000000 -80.941377
-42.880563 0.000000 -73.372470
-363.366194 -0.000000 -635.195826
-380.368958 0.000000 -669.481022
5372.309949 0.000000 9554.618738
-153.542280 0.000000 -279.221389
-161.492089 0.000000 -294.420561
-11.784530 0.000000 -22.163433
-11.690039 0.000000 -21.894827
-12.134735 0.000000 -22.745863
-9.630490 0.000000 -17.801074
-9.221251 0.000000 -16.917100
-9.697989 0.000000 -16.357001
-9.148101 0.000000 -15.224572
-8.512292 0.000000 -13.576317
-7.831330 0.000000 -12.337394
-7.289367 0.000000 -11.426282
-7.113047 0.000000 -11.146997
-6.616487 0.000000 -10.316474
-6.237328 0.000000 -9.364565
-5.859661 0.000000 -8.607443
-5.576979 -0.000000 -7.996435
-5.082622 0.000000 -7.063603
-4.738865 0.000000 -6.371768
-3.963911 0.000000 -5.160991
-3.821342 0.000000 -4.872763
-3.725590 0.000000 -4.663308
-3.530177 0.000000 -4.296023
-3.352739 0.000000 -3.937596
-3.187863 0.000000 -3.612033
-3.119921 -0.000000 -3.490224
-3.152559 0.000000 -3.548129
-3.030387 -0.000000 -3.324526
-2.949000 0.000000 -3.192898
-2.756091 0.000000 -2.928013
-2.725437 0.000000 -2.866238
-2.699651 0.000000 -2.825293
-2.633902 0.000000 -2.688653
-2.591790 0.000000 -2.609239
-2.516383 0.000000 -2.498035
-2.446157 0.000000 -2.412418
-2.383553 0.000000 -2.270073
-2.348203 0.000000 -2.220233
-2.306123 0.000000 -2.172817
-2.292880 0.000000 -2.158692
-2.256329 0.000000 -2.129107
-2.206388 0.000000 -2.181283
-2.184269 0.000000 -2.157821
-2.351652 0.000000 -2.251342
-2.315784 0.000000 -2.216474
-2.305468 0.000000 -2.101380
-2.288600 0.000000 -2.066951
-2.274124 0.000000 -2.039891
-2.196920 0.000000 -1.822361
-2.174258 0.000000 -1.792138
-2.156896 0.000000 -1.753248
-2.146916 0.000000 -1.721947
-2.137349 0.000000 -1.697530
-2.410722 0.000000 -2.033082
-2.399816 0.000000 -1.993363
-2.822826 0.000000 -2.311650
-2.827992 0.000000 -2.302222
-2.841056 0.000000 -2.307181
-2.830386 0.000000 -2.274047
-2.847960 0.000000 -2.257456
-2.703954 0.000000 -2.136922
-2.717147 0.000000 -2.138662
-2.314623 0.000000 -1.739713
-2.331729 0.000000 -1.732059
-2.331313 0.000000 -1.707141
-2.330394 0.000000 -1.675328
-2.330928 0.000000 -1.668757
-2.358833 0.000000 -1.652391
-2.365155 0.000000 -1.655819
-2.390328 0.000000 -1.562801
-2.395401 0.000000 -1.561319
-2.381700 0.000000 -1.541681
-2.408147 0.000000 -1.528988
-2.425743 0.000000 -1.541197
-2.483133 0.000000 -1.577279
-2.488208 0.000000 -1.579191
-2.497663 0.000000 -1.586824
-2.646394 0.000000 -1.781908
-2.675084 0.000000 -1.789002
-2.591499 0.000000 -1.741649
-2.595845 0.000000 -1.716306
-2.598343 0.000000 -1.682543
-2.622379 0.000000 -1.678184
-2.661618 0.000000 -1.688253
-2.587266 0.000000 -1.678584
-2.621964 0.000000 -1.657324
-2.700929 0.000000 -1.635210
-2.739963 0.000000 -1.634110
-2.777362 0.000000 -1.636622
-2.795247 0.000000 -1.622124
-2.888971 0.000000 -1.628277
-2.819575 0.000000 -1.553751
-2.870110 0.000000 -1.550616
-2.897413 0.000000 -1.535780
-3.101614 0.000000 -1.604198
-3.238477 0.000000 -1.657842
-3.599189 0.000000 -1.841582
-3.726569 -0.000000 -1.921555
-3.872251 0.000000 -1.971888
-4.156128 0.000000 -2.121563
-4.318838 0.000000 -2.197009
-4.139387 0.000000 -1.994861
-4.227807 0.000000 -2.015927
-4.234284 0.000000 -1.971235
-4.483203 0.000000 -2.079793
-4.634316 0.000000 -2.140540
-4.695410 0.000000 -2.338012
-4.798710 0.000000 -2.365058
-5.011028 0.000000 -2.542701
-5.066156 0.000000 -2.562810
-5.066174 0.000000 -2.484054
-5.070758 0.000000 -2.476911
-5.165652 0.000000 -2.519739
-4.858177 -0.000000 -2.339831
-4.843469 0.000000 -2.364612
-4.489169 0.000000 -2.195438
-4.439338 0.000000 -2.194590
-4.363650 0.000000 -2.178340
-4.092439 0.000000 -2.206763
-4.066229 0.000000 -2.208327
-4.120549 0.000000 -2.352680
-4.104250 0.000000 -2.372574
-4.076004 0.000000 -2.372813
-4.038464 0.000000 -2.368416
-3.999245 0.000000 -2.348567
-4.052975 0.000000 -2.309325
-3.956026 -0.000000 -2.233157
-3.872532 0.000000 -2.164867
-3.824846 0.000000 -2.136383
-3.690567 0.000000 -2.129790
-3.652727 0.000000 -2.108429
-3.590196 0.000000 -2.066044
-3.600676 0.000000 -2.085760
-3.592888 0.000000 -2.085801
-4.140360 0.000000 -2.293106
-4.085085 -0.000000 -2.258193
-4.057556 -0.000000 -2.240836
-4.508643 0.000000 -2.505141
-4.514058 0.000000 -2.530834
-4.537404 0.000000 -2.519412
-4.503242 0.000000 -2.544024
-4.043497 0.000000 -2.316234
-4.022511 0.000000 -2.331130
-4.035405 0.000000 -2.380889
-3.656804 0.000000 -2.179545
-3.629101 0.000000 -2.169202
-3.595185 0.000000 -2.147318
-3.582603 0.000000 -2.137332
-3.559197 0.000000 -2.137929
-3.749580 0.000000 -2.231075
-3.717494 0.000000 -2.210975
-4.110300 0.000000 -2.467185
-4.089940 0.000000 -2.452372
-4.080145 0.000000 -2.438355
-4.038148 -0.000000 -2.401178
-3.987051 0.000000 -2.357081
-3.950543 0.000000 -2.252271
-3.872199 0.000000 -2.190134
-3.756433 0.000000 -2.103291
-3.677860 0.000000 -2.051225
-3.608486 0.000000 -2.010681
-3.311530 0.000000 -1.847987
-3.214208 0.000000 -1.790507
-3.176315 0.000000 -1.847993
-3.131072 0.000000 -1.817513
-3.092894 0.000000 -1.793969
-3.024523 0.000000 -1.755283
-2.962280 0.000000 -1.715998
-3.005106 0.000000 -1.816405
-2.988894 0.000000 -1.805596
-3.094711 0.000000 -1.903916
-3.049093 0.000000 -1.870685
-3.027847 0.000000 -1.859641
-3.269689 0.000000 -2.207049
-3.263453 -0.000000 -2.207106
-3.771551 0.000000 -2.585972
-3.726682 0.000000 -2.555504
-3.752775 0.000000 -2.466015
-3.727096 0.000000 -2.452563
-3.708662 0.000000 -2.453608
-3.176119 0.000000 -1.939766
-3.159219 0.000000 -1.932174
-2.944406 0.000000 -1.792859
-2.940159 0.000000 -1.793199
-2.918244 0.000000 -1.788495
-2.964610 0.000000 -1.841703
-2.944738 0.000000 -1.829406
-2.523762 0.000000 -1.563013
-2.509383 0.000000 -1.548072
-2.497367 0.000000 -1.531479
-2.501177 0.000000 -1.502642
-2.507420 0.000000 -1.498299
-2.491724 0.000000 -1.480545
-2.498206 0.000000 -1.467665
-2.502656 0.000000 -1.523656
-2.506301 0.000000 -1.522158
-2.503089 0.000000 -1.522016
-2.602741 0.000000 -1.643766
-2.589672 0.000000 -1.625400
-2.992608 0.000000 -1.856324
-2.965657 0.000000 -1.836699
-3.049967 0.000000 -1.907446
-2.993517 0.000000 -1.870877
-2.949209 0.000000 -1.839654
-3.046338 0.000000 -2.057453
-3.025410 0.000000 -2.043114
-2.988149 0.000000 -2.023659
-2.951307 0.000000 -2.001681
-2.934034 0.000000 -1.993766
-2.611444 0.000000 -1.440143
-2.603429 0.000000 -1.433947
-2.524928 0.000000 -1.377320
-2.530267 0.000000 -1.376246
-2.456867 0.000000 -1.335153
-2.482666 0.000000 -1.347462
-2.506017 0.000000 -1.348601
-2.516946 0.000000 -1.350811
-2.538063 0.000000 -1.352701
-2.536243 0.000000 -1.341981
-2.554677 0.000000 -1.347296
-2.586432 0.000000 -1.353926
-2.634711 0.000000 -1.379482
-2.664907 0.000000 -1.393231
-2.473616 0.000000 -1.297568
-2.501204 0.000000 -1.300758
-2.515769 0.000000 -1.323896
-2.526987 0.000000 -1.322458
-2.532152 0.000000 -1.320844
-2.500337 0.000000 -1.312287
-2.495335 0.000000 -1.301517
-2.446434 0.000000 -1.321291
-2.430289 0.000000 -1.318758
-2.413676 0.000000 -1.322933
-2.364662 0.000000 -1.319615
-2.316184 0.000000 -1.321180
-2.248252 0.000000 -1.242705
-2.204047 0.000000 -1.226528
-2.250960 0.000000 -1.084930
-2.210738 0.000000 -1.079402
-2.180416 0.000000 -1.077498
-2.167876 0.000000 -1.081418
-2.159094 0.000000 -1.083833
-2.033827 0.000000 -1.128621
-2.022632 0.000000 -1.136341
-2.023611 0.000000 -1.145958
-2.046448 0.000000 -1.170464
-2.058058 0.000000 -1.183243
-2.125504 0.000000 -1.222162
-2.150301 0.000000 -1.251226
-2.212345 0.000000 -1.289012
-2.238047 0.000000 -1.309599
-2.275519 0.000000 -1.339497
-2.491298 0.000000 -1.347503
-2.532741 0.000000 -1.383775
-2.452717 0.000000 -1.313224
-2.480287 0.000000 -1.332132
-2.533224 0.000000 -1.369456
-2.567234 0.000000 -1.330023
-2.617455 0.000000 -1.366432
-2.558327 0.000000 -1.352638
-2.625378 0.000000 -1.400514
-2.680281 0.000000 -1.473853
-2.727423 0.000000 -1.511525
-2.760947 0.000000 -1.542270
-2.788721 0.000000 -1.636244
-2.839521 0.000000 -1.650236
-2.916967 0.000000 -1.704088
-3.075220 0.000000 -1.906907
-3.129286 0.000000 -1.969600
-3.223934 0.000000 -2.065973
-3.349684 0.000000 -2.190953
-3.615274 0.000000 -2.692325
-3.674243 0.000000 -2.765372
-3.982152 0.000000 -3.240460
-4.111711 0.000000 -3.416827
-4.189455 0.000000 -3.543266
-4.205043 0.000000 -3.582990
-4.193609 0.000000 -3.591333
-4.524830 0.000000 -3.657322
-4.509461 0.000000 -3.682853
-4.477561 0.000000 -3.677823
-4.149416 0.000000 -3.420188
-4.105219 0.000000 -3.387784
-3.967194 0.000000 -3.407479
-3.915744 0.000000 -3.392325
-3.908993 0.000000 -3.412759
-3.905492 0.000000 -3.426182
-3.912283 0.000000 -3.465856
-3.936496 0.000000 -3.504296
-3.952457 0.000000 -3.539692
-4.072732 0.000000 -3.669798
-4.099943 0.000000 -3.712584
-4.146116 0.000000 -3.792563
-4.196261 0.000000 -3.833162
-4.231303 0.000000 -3.891806
-3.939898 0.000000 -3.686112
-3.970869 0.000000 -3.745083
-3.664249 0.000000 -3.660105
-3.684742 0.000000 -3.700900
-3.701923 0.000000 -3.746895
-3.642528 0.000000 -3.720448
-3.679267 0.000000 -3.806700
-3.801117 0.000000 -3.849155
-3.877966 0.000000 -3.970956
-3.953538 0.000000 -4.078005
-4.808505 0.000000 -4.995641
-5.079048 0.000000 -5.343245
-5.339585 0.000000 -5.766537
-5.694538 0.000000 -6.212768
-5.918191 0.000000 -6.567905
-6.430573 0.000000 -7.234068
-7.143670 0.000000 -8.210458
-7.512619 0.000000 -8.750729
-7.982848 0.000000 -9.391867
-9.110234 0.000000 -10.693054
-10.511896 0.000000 -12.663338
-11.528209 0.000000 -14.124716
-40.609940 -0.000000 -49.476266
-49.813627 0.000000 -61.374441
-107.350878 0.000000 -135.919975
522.327969 0.000000 682.452494
117.489844 0.000000 156.916624
1138.937773 0.000000 1546.465348
105.762496 0.000000 146.613380
56.310990 0.000000 81.023168
44.127766 0.000000 64.590407
47.208433 0.000000 74.300498
39.094008 0.000000 62.460071
29.234766 0.000000 47.723834
22.234166 0.000000 37.365190
19.469838 0.000000 32.956682
15.061502 0.000000 25.478936
13.226465 0.000000 22.370581
10.569270 0.000000 16.941696
10.015626 0.000000 15.863369
9.588201 -0.000000 14.966356
12.570052 0.000000 18.631435
11.851499 0.000000 17.137733
10.456884 0.000000 14.717744
9.777915 0.000000 13.619341
9.454288 0.000000 13.087488
9.134137 0.000000 10.476693
8.834439 0.000000 9.968195
8.658088 0.000000 9.265972
8.731534 0.000000 9.194805
8.617799 0.000000 8.999371
8.876579 0.000000 9.069608
8.886661 0.000000 8.910937
8.035049 0.000000 7.712673
8.063354 0.000000 7.724494
8.654572 0.000000 7.903552
8.689658 0.000000 7.862557
8.704187 0.000000 7.820627
8.789958 0.000000 7.723515
8.809704 0.000000 7.693937
8.416581 0.000000 7.295401
8.463139 0.000000 7.271175
8.386177 0.000000 7.196292
8.387339 0.000000 7.182960
8.464099 0.000000 7.192367
7.500407 0.000000 6.418940
7.598087 0.000000 6.449953
6.735013 0.000000 7.726613
6.804510 0.000000 7.809163
6.870505 0.000000 7.879430
10.000484 0.000000 11.612759
10.199332 0.000000 11.827505
16.874913 0.000000 19.041653
17.835073 0.000000 20.055080
19.580641 0.000000 21.695433
21.005040 0.000000 23.199298
22.398998 0.000000 24.702846
23.646669 0.000000 25.541395
25.928369 0.000000 28.030462
33.157543 0.000000 34.978612
40.750066 0.000000 42.913956
53.337139 0.000000 55.978201
-213.260067 -0.000000 -218.784176
-68.178795 0.000000 -69.641665
-2375.991194 0.000000 -2501.118897
-269.731368 0.000000 -286.141982
-146.438971 0.000000 -156.368806
-26.855081 0.000000 -33.161009
-21.216467 0.000000 -26.374499
-17.419452 0.000000 -22.116057
-15.960130 0.000000 -20.372855
-16.975365 0.000000 -22.008478
-14.196365 0.000000 -18.539128
-13.351033 0.000000 -17.519666
-15.021177 0.000000 -19.597297
-13.639530 0.000000 -17.808315
-14.340883 0.000000 -18.514098
-11.170693 0.000000 -14.318757
-10.087247 0.000000 -12.965516
-14.248982 0.000000 -18.810650
-14.304825 0.000000 -19.289772
-10.482068 0.000000 -14.440084
-9.565379 0.000000 -12.934684
-8.728323 0.000000 -11.570562
-7.793331 0.000000 -10.198055
-7.159422 0.000000 -9.386181
-5.451233 0.000000 -6.945436
-5.026172 -0.000000 -6.331418
-4.523200 0.000000 -5.919591
-4.266143 0.000000 -5.520236
-3.711696 0.000000 -4.336984
-3.540839 0.000000 -4.084594
-3.396400 0.000000 -3.869204
-3.648327 0.000000 -4.123024
-3.558986 0.000000 -4.046341
-3.110800 0.000000 -3.342109
-3.083863 0.000000 -3.332485
-3.043952 0.000000 -3.278026
-3.115885 0.000000 -2.868674
-2.970966 0.000000 -2.674589
-2.877859 -0.000000 -2.558592
-2.797914 -0.000000 -2.453693
-2.734849 0.000000 -2.399821
-2.659426 -0.000000 -2.311976
-2.547750 0.000000 -2.162461
-2.498118 0.000000 -2.370346
-2.457308 0.000000 -2.314163
-2.427540 0.000000 -2.320990
-2.356485 0.000000 -2.253192
-2.321958 0.000000 -2.224846
-2.285256 0.000000 -2.244033
-2.280079 0.000000 -2.228979
-2.255516 0.000000 -2.282894
-2.227247 0.000000 -2.278546
-2.372188 0.000000 -2.446401
-2.353514 0.000000 -2.458394
-2.340180 0.000000 -2.487383
-2.346012 0.000000 -2.519151
-2.341756 0.000000 -2.535739
-2.435922 0.000000 -2.596311
-2.431528 0.000000 -2.598731
-2.422653 0.000000 -2.604668
-2.411482 0.000000 -2.589036
-2.409470 0.000000 -2.579850
-2.414934 -0.000000 -2.591184
-2.411343 0.000000 -2.570299
-2.520876 0.000000 -2.676576
-2.520294 0.000000 -2.711792
-2.531903 0.000000 -2.728673
-2.547638 0.000000 -2.482665
-2.554866 0.000000 -2.473157
-2.582507 -0.000000 -2.418874
-2.576471 0.000000 -2.390494
-2.564638 -0.000000 -2.355109
-2.541564 -0.000000 -2.291557
-2.542527 0.000000 -2.260504
-2.398553 0.000000 -2.301033
-2.383782 0.000000 -2.294817
-2.364431 0.000000 -2.283018
-2.311230 0.000000 -2.261190
-2.268503 0.000000 -2.210245
-2.182643 0.000000 -2.258273
-2.136777 0.000000 -2.224295
-2.053730 0.000000 -2.247023
-1.951637 0.000000 -2.185695
-1.881381 0.000000 -2.170178
-1.835342 0.000000 -2.347729
-1.787383 0.000000 -2.330900
-1.333028 0.000000 -2.657249
-1.250619 0.000000 -2.667760
-1.203617 0.000000 -2.705383
-1.165477 0.000000 -2.719118
-1.116520 0.000000 -2.835995
-1.078966 0.000000 -2.650554
-1.045284 0.000000 -2.708341
-0.968756 0.000000 -2.761572
-0.937293 0.000000 -2.791309
-0.905311 0.000000 -2.927863
-0.780289 0.000000 -3.003878
-0.741437 0.000000 -3.046712
-0.704261 0.000000 -3.040345
-0.658109 -0.000000 -3.148763
-0.596601 0.000000 -3.162950
-0.634000 0.000000 -2.954307
-0.601898 0.000000 -2.964658
-0.591015 0.000000 -2.912213
-0.551610 0.000000 -3.044297
-0.668388 0.000000 -2.653949
-0.648794 0.000000 -2.735877
-0.636337 0.000000 -2.773615
-0.719622 0.000000 -2.706717
-0.682686 0.000000 -2.774769
-0.673012 0.000000 -2.842878
-0.659618 0.000000 -2.906274
-0.698744 0.000000 -2.758550
-0.707009 0.000000 -2.854444
-0.664149 0.000000 -2.912819
-0.618737 0.000000 -3.108007
-0.598141 0.000000 -3.142474
-0.601884 0.000000 -3.251486
-0.559154 0.000000 -3.318437
-0.544120 0.000000 -3.369332
-0.511272 0.000000 -3.539450
-0.495437 0.000000 -3.565187
-0.545966 0.000000 -4.006096
-0.511510 0.000000 -4.060359
-0.423305 0.000000 -4.575542
-0.414352 0.000000 -4.604550
-0.443799 0.000000 -4.612188
-0.475898 0.000000 -4.098308
-0.469168 0.000000 -4.063991
-0.397535 0.000000 -4.097406
-0.382812 0.000000 -4.060820
-0.387281 -0.000000 -3.952553
-0.459608 0.000000 -3.316838
-0.455218 0.000000 -3.387029
-0.454804 0.000000 -3.394246
-0.457429 0.000000 -3.369347
-0.470025 0.000000 -2.975247
-0.456185 -0.000000 -2.932922
-0.441738 -0.000000 -2.935626
-0.439355 0.000000 -2.893667
-0.436249 0.000000 -2.906893
-0.460749 -0.000000 -2.845060
-0.457963 0.000000 -2.843706
-0.457773 0.000000 -2.862369
-0.471185 -0.000000 -2.889587
-0.451586 0.000000 -2.903723
-0.478511 -0.000000 -2.918194
-0.470093 0.000000 -2.896480
-0.460971 0.000000 -2.889171
-0.459513 -0.000000 -2.886078
-0.437823 0.000000 -2.858562
-0.407522 0.000000 -2.959341
-0.395609 0.000000 -2.918051
-0.321007 0.000000 -3.008517
-0.300018 0.000000 -2.929736
-0.284165 0.000000 -2.907112
-0.273431 0.000000 -2.917243
-0.274816 0.000000 -2.901631
-0.249219 0.000000 -2.912973
-0.243097 0.000000 -2.905619
-0.250618 0.000000 -2.923251
-0.266720 -0.000000 -3.147288
-0.285560 0.000000 -3.186061
-0.265713 0.000000 -3.051196
-0.263722 -0.000000 -3.037934
-0.278320 0.000000 -3.145555
-0.271426 0.000000 -3.146069
-0.285516 0.000000 -3.112909
-0.174803 0.000000 -4.051838
-0.190787 0.000000 -4.152974
-0.219731 0.000000 -4.207221
-0.250696 0.000000 -4.296812
-0.276901 0.000000 -4.114165
-0.286510 0.000000 -4.172585
-0.302299 0.000000 -4.238093
-0.342053 0.000000 -4.246849
-0.381725 0.000000 -4.349562
-0.366777 0.000000 -4.692061
-0.371620 0.000000 -4.745323
-0.369690 0.000000 -4.778690
-0.417513 0.000000 -4.794437
-0.416374 0.000000 -4.876226
-0.462862 0.000000 -4.294960
-0.472222 0.000000 -4.322830
-0.476753 0.000000 -4.359401
-0.507499 0.000000 -4.412019
-0.512885 0.000000 -4.527953
-0.379184 0.000000 -6.559643
-0.379779 0.000000 -6.657184
-0.413003 0.000000 -7.305173
-0.418651 0.000000 -7.703952
-0.438869 0.000000 -7.917458
-0.489507 0.000000 -7.875445
-0.486168 0.000000 -7.977502
-0.640940 0.000000 -6.814696
-0.639799 -0.000000 -6.908648
-0.648172 0.000000 -6.925662
-0.649819 -0.000000 -6.979288
-0.687534 0.000000 -7.124212
-0.632361 0.000000 -7.498504
-0.632767 0.000000 -7.536402
-0.604989 0.000000 -8.161967
-0.576694 0.000000 -8.027616
-0.540580 -0.000000 -8.077974
-0.556835 0.000000 -7.838882
-0.536796 0.000000 -7.804680
-0.553664 0.000000 -8.333963
-0.510147 0.000000 -8.559939
-0.463846 0.000000 -8.606682
-0.438544 0.000000 -8.394428
-0.424728 0.000000 -8.279178
-0.353086 0.000000 -10.079992
-0.351303 0.000000 -10.224013
-0.416241 0.000000 -9.844787
-0.428845 0.000000 -9.938419
-0.424159 0.000000 -9.879154
-0.381919 0.000000 -11.184934
-0.361351 0.000000 -11.231978
-0.364256 0.000000 -11.188218
-0.366738 0.000000 -11.070540
-0.428093 0.000000 -9.054118
-0.409757 0.000000 -8.771305
-0.377937 0.000000 -8.700578
-0.378324 0.000000 -8.309681
-0.373216 0.000000 -8.246610
-0.415946 0.000000 -7.908679
-0.409841 0.000000 -7.908704
-0.417999 0.000000 -7.912813
-0.420909 0.000000 -7.995549
-0.432313 0.000000 -8.084097
-0.453646 0.000000 -8.223231
-0.471537 0.000000 -8.384451
-0.438317 0.000000 -9.197519
-0.446169 0.000000 -9.341004
-0.472556 0.000000 -9.609648
-0.442555 0.000000 -10.984871
-0.428687 0.000000 -10.922102
-0.393887 0.000000 -10.967560
-0.388592 0.000000 -10.903557
-0.392243 0.000000 -10.997469
-0.399175 0.000000 -11.014258
-0.404510 0.000000 -11.001826
-0.362451 0.000000 -11.256668
-0.381643 0.000000 -11.260502
-0.364861 0.000000 -11.638777
-0.368293 0.000000 -11.649316
-0.365345 0.000000 -11.727080
-0.398607 0.000000 -11.179700
-0.407085 0.000000 -11.047475
-0.428574 0.000000 -10.947074
-0.417414 0.000000 -10.831612
-0.402794 0.000000 -10.813184
-0.469809 0.000000 -8.402798
-0.456474 0.000000 -8.437310
-0.445123 0.000000 -8.391517
-0.441971 0.000000 -8.373420
-0.462728 0.000000 -8.280447
-0.451815 0.000000 -8.182826
-0.436844 0.000000 -8.224481
-0.424378 0.000000 -7.580810
-0.416170 0.000000 -7.590203
-0.403628 0.000000 -7.544742
-0.385160 -0.000000 -7.509220
-0.370992 0.000000 -7.419077
-0.310402 -0.000000 -8.748771
-0.306878 0.000000 -8.766645
-0.305736 -0.000000 -8.611667
-0.291465 0.000000 -8.804436
-0.264393 0.000000 -8.145295
-0.239072 0.000000 -8.168611
-0.203566 0.000000 -7.905913
-0.174780 0.000000 -7.127272
-0.149268 0.000000 -7.068651
-0.130462 0.000000 -7.014487
-0.115616 0.000000 -7.051681
-0.077472 0.000000 -7.079571
-0.137398 0.000000 -6.880411
-0.125829 0.000000 -6.912363
-0.172303 0.000000 -5.758807
-0.178191 0.000000 -5.866244
-0.217361 0.000000 -3.928200
-0.212633 0.000000 -3.957184
-0.193994 0.000000 -3.995507
-0.193567 0.000000 -3.330357
-0.174645 0.000000 -3.406102
-0.166559 0.000000 -3.351050
-0.157011 0.000000 -3.357711
-0.152106 0.000000 -3.333974
-0.133460 0.000000 -3.745374
-0.124376 0.000000 -3.708666
-0.111136 0.000000 -4.282462
-0.123148 0.000000 -4.336523
-0.135902 0.000000 -4.033237
-0.164834 0.000000 -4.140860
-0.178634 0.000000 -4.126761
-0.139104 0.000000 -4.284158
-0.147012 0.000000 -4.297412
-0.175007 0.000000 -4.355340
-0.184709 0.000000 -4.371351
-0.203902 0.000000 -4.410071
-0.213496 0.000000 -4.025161
-0.213429 0.000000 -4.062076
-0.233559 0.000000 -4.096356
-0.236283 0.000000 -4.087042
-0.256878 0.000000 -4.232963
-0.261609 0.000000 -4.260252
-0.287728 0.000000 -4.419586
-0.325505 0.000000 -4.602380
-0.336256 0.000000 -4.628300
-0.346803 0.000000 -4.581158
-0.326036 0.000000 -4.533758
-0.297333 0.000000 -4.530974
-0.261860 0.000000 -3.386728
-0.254034 0.000000 -3.350644
-0.271277 0.000000 -3.324595
-0.264305 0.000000 -3.319476
-0.271091 0.000000 -3.086375
-0.271099 0.000000 -3.081267
-0.270939 0.000000 -3.066858
-0.274789 0.000000 -3.372437
-0.275770 0.000000 -3.299905
-0.233411 0.000000 -3.318028
-0.246636 0.000000 -3.340780
-0.251575 0.000000 -3.379809
-0.253542 0.000000 -3.380403
-0.256498 0.000000 -3.433906
-0.253333 0.000000 -3.349942
-0.246423 0.000000 -3.336318
-0.242249 0.000000 -3.353133
-0.234182 0.000000 -3.307938
-0.235315 0.000000 -3.338929
-0.243732 0.000000 -3.324196
-0.241164 -0.000000 -3.323430
-0.221048 0.000000 -3.436150
-0.220506 -0.000000 -3.420866
-0.218805 0.000000 -3.417328
-0.233431 0.000000 -3.520273
-0.235200 0.000000 -3.526138
-0.249269 0.000000 -3.522934
-0.254512 0.000000 -3.526591
-0.277280 0.000000 -2.731536
-0.275045 0.000000 -2.724615
-0.264951 0.000000 -2.757501
-0.266297 0.000000 -2.734308
-0.262469 0.000000 -2.734857
-0.249923 0.000000 -2.356536
-0.250575 0.000000 -2.335825
-0.227917 0.000000 -2.399886
-0.223624 -0.000000 -2.695331
-0.218265 -0.000000 -2.689179
-0.217571 -0.000000 -2.643609
-0.187285 0.000000 -2.706784
-0.198755 -0.000000 -2.637233
-0.201913 0.000000 -2.627948
-0.204595 0.000000 -2.620103
-0.190838 0.000000 -3.199071
-0.161087 0.000000 -3.276150
-0.173135 -0.000000 -3.257117
-0.165815 0.000000 -3.227074
-0.167557 0.000000 -3.173083
-0.076843 0.000000 -3.746374
-0.087929 0.000000 -3.632898
-0.004457 0.000000 -3.814789
0.005151 0.000000 -3.792570
0.046328 0.000000 -4.214026
0.102329 0.000000 -4.330951
0.100756 0.000000 -4.203130
0.165388 0.000000 -4.284962
0.194473 0.000000 -4.242840
0.254984 0.000000 -4.292500
0.255373 0.000000 -4.113975
0.277253 0.000000 -4.058518
0.427936 0.000000 -4.968900
0.418885 0.000000 -4.802084
0.456139 0.000000 -4.757022
0.398881 0.000000 -4.442143
0.350653 0.000000 -4.170346
0.350160 0.000000 -4.193769
0.365756 0.000000 -4.211350
0.258534 0.000000 -3.505701
0.273267 0.000000 -3.516989
0.339284 0.000000 -3.602474
0.335164 0.000000 -3.539051
0.377806 0.000000 -3.597724
0.481082 -0.000000 -4.034010
0.477956 0.000000 -4.018682
0.609757 0.000000 -4.677197
0.622205 0.000000 -4.661629
0.611793 0.000000 -4.590755
0.648974 0.000000 -4.707295
0.656242 0.000000 -4.682417
0.651674 0.000000 -4.613856
0.681098 0.000000 -4.589857
0.641556 0.000000 -4.362052
0.641178 0.000000 -4.335226
0.634937 0.000000 -4.313202
0.554876 0.000000 -4.008362
0.548823 0.000000 -4.003080
0.484425 0.000000 -3.835978
0.474810 0.000000 -3.820989
0.410106 0.000000 -3.530577
0.399025 0.000000 -3.513909
0.396780 0.000000 -3.550564
0.481605 0.000000 -3.731957
0.481270 0.000000 -3.684124
0.451588 0.000000 -3.438417
0.431007 0.000000 -3.268581
0.421590 0.000000 -3.096661
0.011099 0.000000 -2.136042
-0.003738 0.000000 -2.053824
-0.340362 0.000000 -1.301316
-0.378329 0.000000 -1.214404
-0.552023 0.000000 -1.076797
-0.573383 0.000000 -1.006579
-0.585708 0.000000 -0.898966
-0.625243 0.000000 -0.846243
-0.644060 0.000000 -0.793888
-0.531251 0.000000 -0.716823
-0.555503 0.000000 -0.694637
-0.554907 0.000000 -0.577908
-0.438659 0.000000 -0.543617
-0.461573 0.000000 -0.508608
-0.369458 0.000000 -0.483356
-0.387645 0.000000 -0.454824
-0.328318 0.000000 -0.476222
-0.332165 0.000000 -0.492784
-0.334793 0.000000 -0.502348
-0.313018 0.000000 -0.577191
-0.312651 0.000000 -0.533186
-0.306416 0.000000 -0.584561
-0.305379 0.000000 -0.587827
-0.302845 0.000000 -0.592697
-0.312643 0.000000 -0.526279
-0.312930 -0.000000 -0.519396
-0.172808 0.000000 -0.791518
-0.171975 0.000000 -0.810414
-0.166922 0.000000 -0.841501
-0.115973 0.000000 -0.946336
-0.087347 0.000000 -0.996018
0.244626 0.000000 -1.506152
0.261767 0.000000 -1.512577
0.276889 0.000000 -1.524532
0.295331 0.000000 -1.570347
0.311939 0.000000 -1.649908
0.156309 0.000000 -1.450593
0.172506 0.000000 -1.526652
0.178152 0.000000 -1.672109
0.220442 0.000000 -1.785686
0.240593 0.000000 -1.866028
0.263258 0.000000 -1.958404
0.277554 0.000000 -2.091850
0.304219 0.000000 -2.302753
0.321261 0.000000 -2.414785
0.243550 0.000000 -2.379358
0.267195 0.000000 -2.449111
0.270896 0.000000 -2.632012
0.414673 0.000000 -3.123717
0.442735 0.000000 -3.245347
0.433328 0.000000 -3.051848
0.446968 0.000000 -3.231284
0.473832 0.000000 -3.370429
1.326061 0.000000 -5.889978
1.353750 0.000000 -6.158400
1.174741 0.000000 -5.381508
1.167474 0.000000 -5.728046
1.033237 0.000000 -5.246980
1.056218 0.000000 -5.486516
1.075231 0.000000 -5.711863
0.954456 0.000000 -5.411096
0.990884 0.000000 -5.612658
0.792988 0.000000 -4.778154
0.799373 0.000000 -4.860808
0.616416 0.000000 -4.137646
0.600401 0.000000 -4.266078
0.624116 0.000000 -4.360242
0.432781 -0.000000 -3.602345
0.437226 -0.000000 -3.616783
0.415057 0.000000 -3.603900
0.419744 0.000000 -3.608012
0.419172 0.000000 -3.618962
0.494414 0.000000 -4.253151
0.497324 0.000000 -4.261120
0.627256 0.000000 -5.447011
0.637666 0.000000 -5.536466
0.727451 0.000000 -6.351604
0.727556 -0.000000 -6.444499
0.713828 0.000000 -6.534439
0.764336 -0.000000 -6.932628
0.763474 0.000000 -6.996517
0.800739 -0.000000 -7.260026
0.807688 0.000000 -7.323838
0.772430 0.000000 -7.434705
1.394873 0.000000 -10.687924
1.380253 0.000000 -10.857658
1.250239 0.000000 -9.998904
1.211483 0.000000 -10.179295
1.000913 0.000000 -8.643123
0.977931 0.000000 -8.752179
0.954930 0.000000 -8.861754
0.963073 0.000000 -9.224415
0.860249 0.000000 -9.225371
0.760046 0.000000 -8.822349
0.724896 -0.000000 -8.938143
0.693088 0.000000 -9.031823
1.002526 0.000000 -15.289680
0.976241 0.000000 -15.566121
0.849074 0.000000 -14.573564
0.804405 -0.000000 -14.451602
0.538253 0.000000 -10.229112
0.431892 0.000000 -9.872349
0.425575 0.000000 -10.028567
0.315573 0.000000 -9.157425
0.294854 0.000000 -9.036941
0.255726 0.000000 -8.863771
0.256889 0.000000 -8.887267
0.253758 0.000000 -8.758862
0.678292 0.000000 -23.257310
0.680976 0.000000 -23.816734
0.411609 0.000000 -19.702963
0.394492 0.000000 -20.597946
0.329131 0.000000 -20.476827
0.293450 0.000000 -20.293662
0.211992 0.000000 -19.576988
0.122985 0.000000 -20.372657
0.047559 0.000000 -20.379545
-0.032010 0.000000 -20.344510
-0.064773 0.000000 -20.554685
-0.195929 0.000000 -19.483231
-0.152996 0.000000 -19.629812
-0.191602 0.000000 -19.371451
-0.147303 0.000000 -22.195698
-0.235588 0.000000 -21.351740
-0.280774 0.000000 -21.128242
-0.328976 0.000000 -20.703340
-0.375932 0.000000 -20.386213
-1.066666 0.000000 -44.960480
-1.190124 0.000000 -40.686044
-1.050969 0.000000 -31.816941
-1.106674 0.000000 -30.692983
-1.135057 0.000000 -29.636268
-0.869955 0.000000 -20.939069
-0.899354 0.000000 -20.706666
-0.914864 0.000000 -20.351794
-0.919974 0.000000 -19.992009
-1.591965 0.000000 -33.050029
-1.526016 0.000000 -29.442245
-1.563741 0.000000 -29.690447
-4.636839 0.000000 -84.291599
-4.365063 0.000000 -78.240825
-4.229211 -0.000000 -74.198489
-4.231269 0.000000 -73.239181
-4.104874 0.000000 -70.001897
-3.762477 0.000000 -62.938478
-3.942559 0.000000 -65.560859
-2.875143 0.000000 -45.971126
-3.161920 0.000000 -49.595003
-2.077383 0.000000 -31.718121
-2.110424 0.000000 -31.918178
-2.080462 0.000000 -30.995255
-1.468709 0.000000 -21.238028
-1.452671 0.000000 -21.504703
-1.832526 0.000000 -28.357222
-1.813487 0.000000 -28.792948
-1.700917 0.000000 -28.281913
-1.633911 0.000000 -27.852302
-1.615740 0.000000 -28.300475
-1.566197 0.000000 -28.037035
-1.501925 0.000000 -28.080509
-1.458187 0.000000 -28.209096
-1.420302 0.000000 -28.171380
-1.387473 0.000000 -28.250151
-0.961762 0.000000 -18.841893
-0.903779 0.000000 -18.771832
-0.894816 0.000000 -19.269817
-0.872942 0.000000 -19.418460
-0.853177 0.000000 -19.569042
-0.817476 0.000000 -19.832151
-0.805485 -0.000000 -19.998761
-0.766145 0.000000 -18.593550
-0.758196 0.000000 -18.483705
-0.918120 0.000000 -23.638880
-0.903314 0.000000 -24.000515
-0.904746 0.000000 -23.858368
-0.922162 0.000000 -24.339557
-0.938882 0.000000 -24.429307
-0.963676 0.000000 -26.588462
-0.986342 0.000000 -26.506036
-1.021022 0.000000 -26.741036
-1.185957 0.000000 -31.184330
-1.214072 0.000000 -31.473576
-1.211045 0.000000 -30.374753
-1.230720 0.000000 -30.286322
-1.244360 -0.000000 -30.777644
-1.245948 -0.000000 -31.505231
-1.254391 0.000000 -32.723503
-0.774407 0.000000 -19.362322
-0.750516 0.000000 -19.263439
-0.719488 0.000000 -19.775911
-0.708934 0.000000 -19.676677
-0.706589 0.000000 -20.642005
-0.986284 0.000000 -30.627998
-0.965446 0.000000 -30.742684
-0.930300 0.000000 -29.351792
-0.938416 0.000000 -29.705427
-0.693300 0.000000 -19.822839
-0.720200 0.000000 -19.908101
-0.735020 0.000000 -19.931715
-0.533714 0.000000 -17.622402
-0.545146 0.000000 -18.077197
-0.505842 0.000000 -16.685278
-0.513666 0.000000 -16.538473
-0.532705 0.000000 -16.650177
-0.555874 0.000000 -16.377989
-0.547947 0.000000 -15.955736
-0.651437 0.000000 -18.462076
