#Frame, Timer, HeadX, HeadY, HeadZ, HeadRX, HeadRY, HeadRZ, LHandX, LHandY, LHandZ, LHandRX, LHandRY, LHandRZ, RHandX, RHandY, RHandZ, RHandRX, RHandRY, RHandRZ, LEyeRX, LEyeRY, LEyeRZ, REyeRX, REyeRY, REyeRZ, LEyeConf, REyeConf
1 0.08854355 -0.4757727 1.436873 -1.040515 70.37106 173.3923 148.1472 -0.5062982 1.430867 -1.027097 70.37106 173.3923 148.1472 -0.4452473 1.44288 -1.053933 70.37106 173.3923 148.1472 0 0 0 0 0 0 0 0
2 0.1237168 -0.4666931 1.34482 -1.044208 52.51433 179.6251 150.1183 -0.4961567 1.334548 -1.031006 52.51433 179.6251 150.1183 -0.4372294 1.355093 -1.057409 52.51433 179.6251 150.1183 0 0 0 0 0 0 0 0
3 0.2033848 -0.4629056 1.324333 -1.052823 50.99331 182.4454 152.7648 -0.4924889 1.314574 -1.0395 50.99331 182.4454 152.7648 -0.4333224 1.334092 -1.066146 50.99331 182.4454 152.7648 0 0 0 0 0 0 0 0
4 0.2491539 -0.4513094 1.272776 -1.06945 46.05514 194.1341 162.5569 -0.4808682 1.265728 -1.054466 46.05514 194.1341 162.5569 -0.4217507 1.279824 -1.084434 46.05514 194.1341 162.5569 0 0 0 0 0 0 0 0
5 0.3143827 -0.440394 1.231332 -1.08887 44.64855 208.6634 173.5705 -0.468657 1.228633 -1.070382 44.64855 208.6634 173.5705 -0.412131 1.234031 -1.107359 44.64855 208.6634 173.5705 0 0 0 0 0 0 0 0
6 0.3564409 -0.4291926 1.2164 -1.103435 41.85856 219.699 181.6003 -0.4556541 1.217104 -1.082288 41.85856 219.699 181.6003 -0.4027312 1.215695 -1.124582 41.85856 219.699 181.6003 0 0 0 0 0 0 0 0
7 0.4122595 -0.4180378 1.206224 -1.10472 37.446 220.4868 180.8916 -0.4440112 1.206642 -1.082969 37.446 220.4868 180.8916 -0.3920645 1.205805 -1.126472 37.446 220.4868 180.8916 0 0 0 0 0 0 0 0
8 0.4599167 -0.4008965 1.207915 -1.109212 34.36792 222.1163 180.0987 -0.4260509 1.207963 -1.086515 34.36792 222.1163 180.0987 -0.3757421 1.207867 -1.13191 34.36792 222.1163 180.0987 0 0 0 0 0 0 0 0
9 0.5491039 -0.3988042 1.214226 -1.116728 41.01485 220.5841 178.8447 -0.4242382 1.213711 -1.094351 41.01485 220.5841 178.8447 -0.3733701 1.214741 -1.139106 41.01485 220.5841 178.8447 0 0 0 0 0 0 0 0
10 0.596352 -0.3972727 1.228273 -1.127004 50.16375 219.4124 177.5197 -0.4227096 1.227334 -1.104644 50.16375 219.4124 177.5197 -0.3718358 1.229212 -1.149365 50.16375 219.4124 177.5197 0 0 0 0 0 0 0 0
11 0.6680764 -0.3941023 1.241103 -1.13038 55.55632 219.1334 176.9073 -0.4193934 1.240069 -1.107858 55.55632 219.1334 176.9073 -0.3688113 1.242137 -1.152901 55.55632 219.1334 176.9073 0 0 0 0 0 0 0 0
12 0.7224644 -0.386109 1.278563 -1.14494 66.00036 216.7507 172.8304 -0.4107323 1.276843 -1.121732 66.00036 216.7507 172.8304 -0.3614857 1.280283 -1.168149 66.00036 216.7507 172.8304 0 0 0 0 0 0 0 0
13 0.7860599 -0.3822709 1.305664 -1.157425 71.17283 217.5685 172.1172 -0.4061905 1.304164 -1.133476 71.17283 217.5685 172.1172 -0.3583513 1.307163 -1.181373 71.17283 217.5685 172.1172 0 0 0 0 0 0 0 0
14 0.8408663 -0.3749018 1.362664 -1.182835 84.6243 205.3276 157.3897 -0.3976243 1.361443 -1.157733 84.6243 205.3276 157.3897 -0.3521793 1.363884 -1.207937 84.6243 205.3276 157.3897 0 0 0 0 0 0 0 0
15 0.8988947 -0.363772 1.414106 -1.201229 86.15407 70.65369 20.68771 -0.3855402 1.413303 -1.175279 86.15407 70.65369 20.68771 -0.3420038 1.414909 -1.22718 86.15407 70.65369 20.68771 0 0 0 0 0 0 0 0
16 0.9642835 -0.351788 1.513326 -1.238698 70.62597 58.92469 4.724922 -0.3714717 1.5124 -1.211137 70.62597 58.92469 4.724922 -0.3321044 1.514251 -1.266259 70.62597 58.92469 4.724922 0 0 0 0 0 0 0 0
17 1.018752 -0.3431874 1.608186 -1.286168 52.41007 56.13293 0.8463725 -0.3623953 1.60788 -1.25826 52.41007 56.13293 0.8463725 -0.3239794 1.608491 -1.314077 52.41007 56.13293 0.8463725 0 0 0 0 0 0 0 0
18 1.079144 -0.3309542 1.647693 -1.318018 37.11121 57.5084 358.5518 -0.3487126 1.648376 -1.289172 37.11121 57.5084 358.5518 -0.3131958 1.64701 -1.346864 37.11121 57.5084 358.5518 0 0 0 0 0 0 0 0
19 1.125978 -0.3255503 1.66232 -1.348371 34.85092 55.34034 359.8632 -0.3447803 1.662386 -1.320476 34.85092 55.34034 359.8632 -0.3063203 1.662253 -1.376266 34.85092 55.34034 359.8632 0 0 0 0 0 0 0 0
20 1.189269 -0.3199216 1.661501 -1.375624 28.12781 51.62198 0.3734304 -0.3410376 1.661306 -1.349129 28.12781 51.62198 0.3734304 -0.2988056 1.661695 -1.402119 28.12781 51.62198 0.3734304 0 0 0 0 0 0 0 0
21 1.239735 -0.3238985 1.665624 -1.404179 22.75354 48.26055 1.755742 -0.3467436 1.664666 -1.379176 22.75354 48.26055 1.755742 -0.3010535 1.666581 -1.429181 22.75354 48.26055 1.755742 0 0 0 0 0 0 0 0
22 1.302006 -0.3255159 1.66452 -1.430971 16.83825 41.54558 3.012105 -0.3511803 1.662816 -1.408918 16.83825 41.54558 3.012105 -0.2998515 1.666224 -1.453025 16.83825 41.54558 3.012105 0 0 0 0 0 0 0 0
23 1.35034 -0.3263666 1.666718 -1.450765 13.48055 36.11772 2.52524 -0.3539144 1.665267 -1.431095 13.48055 36.11772 2.52524 -0.2988188 1.66817 -1.470436 13.48055 36.11772 2.52524 0 0 0 0 0 0 0 0
24 1.403206 -0.3315822 1.66679 -1.466454 14.04335 32.61366 2.851241 -0.360306 1.665155 -1.44856 14.04335 32.61366 2.851241 -0.3028584 1.668425 -1.484348 14.04335 32.61366 2.851241 0 0 0 0 0 0 0 0
25 1.45215 -0.340424 1.66233 -1.49309 13.05315 29.24582 1.783377 -0.3700882 1.661303 -1.476753 13.05315 29.24582 1.783377 -0.3107598 1.663357 -1.509427 13.05315 29.24582 1.783377 0 0 0 0 0 0 0 0
26 1.502445 -0.3515093 1.660743 -1.51695 13.64886 28.19859 1.279654 -0.381446 1.660007 -1.501101 13.64886 28.19859 1.279654 -0.3215727 1.661478 -1.532798 13.64886 28.19859 1.279654 0 0 0 0 0 0 0 0
27 1.550537 -0.3702444 1.662998 -1.548183 12.12144 26.37459 1.49596 -0.4006707 1.662133 -1.533303 12.12144 26.37459 1.49596 -0.339818 1.663863 -1.563062 12.12144 26.37459 1.49596 0 0 0 0 0 0 0 0
28 1.599877 -0.3858506 1.66432 -1.575203 10.55134 25.60875 1.448804 -0.4164613 1.663478 -1.560705 10.55134 25.60875 1.448804 -0.3552399 1.665162 -1.589701 10.55134 25.60875 1.448804 0 0 0 0 0 0 0 0
29 1.643329 -0.4001596 1.671423 -1.600648 9.679872 24.50668 1.468055 -0.4310387 1.670567 -1.586732 9.679873 24.50668 1.468055 -0.3692805 1.672278 -1.614564 9.679873 24.50668 1.468055 0 0 0 0 0 0 0 0
30 1.69385 -0.4182626 1.674631 -1.637384 8.509612 25.75492 0.3828115 -0.4487917 1.674407 -1.622692 8.509612 25.75492 0.3828115 -0.3877335 1.674855 -1.652075 8.509612 25.75492 0.3828115 0 0 0 0 0 0 0 0
31 1.743313 -0.4226714 1.684403 -1.663834 9.691954 26.08437 0.5746228 -0.4531251 1.684068 -1.648989 9.691954 26.08437 0.5746228 -0.3922177 1.684738 -1.678679 9.691954 26.08437 0.5746228 0 0 0 0 0 0 0 0
32 1.796188 -0.421582 1.690551 -1.701746 9.05203 27.33989 0.2696992 -0.4516896 1.690394 -1.686208 9.05203 27.33989 0.2696992 -0.3914745 1.690709 -1.717284 9.05203 27.33989 0.2696992 0 0 0 0 0 0 0 0
33 1.846243 -0.4126517 1.690962 -1.738911 9.060407 28.49244 359.2179 -0.4423915 1.691419 -1.722686 9.060407 28.49244 359.2179 -0.382912 1.690505 -1.755136 9.060407 28.49244 359.2179 0 0 0 0 0 0 0 0
34 1.896703 -0.3995033 1.690404 -1.763574 9.023182 27.77944 359.416 -0.4294525 1.690745 -1.747736 9.023182 27.77944 359.416 -0.369554 1.690063 -1.779412 9.023182 27.77944 359.416 0 0 0 0 0 0 0 0
35 1.94879 -0.3776749 1.686962 -1.797549 7.942144 25.53511 358.9698 -0.4082052 1.687565 -1.782871 7.942144 25.53511 358.9698 -0.3471447 1.686358 -1.812228 7.942144 25.53511 358.9698 0 0 0 0 0 0 0 0
36 1.990848 -0.3508751 1.686453 -1.831667 8.805203 20.39595 0.0004454773 -0.382632 1.686453 -1.819859 8.805203 20.39595 0.0004454773 -0.3191183 1.686454 -1.843474 8.805203 20.39595 0.0004454773 0 0 0 0 0 0 0 0
37 2.042997 -0.3336865 1.685695 -1.852957 9.930733 12.89846 1.494591 -0.3667353 1.684824 -1.845545 9.930733 12.89846 1.494591 -0.3006377 1.686565 -1.860368 9.930733 12.89846 1.494591 0 0 0 0 0 0 0 0
38 2.097893 -0.3134797 1.683005 -1.882693 12.05503 2.772502 2.583648 -0.347302 1.681511 -1.881375 12.05503 2.772502 2.583648 -0.2796574 1.684498 -1.884012 12.05503 2.772502 2.583648 0 0 0 0 0 0 0 0
39 2.151091 -0.3043455 1.678354 -1.910427 13.3164 351.0664 3.40025 -0.3376846 1.676398 -1.916136 13.3164 351.0664 3.40025 -0.2710064 1.680309 -1.904718 13.3164 351.0664 3.40025 0 0 0 0 0 0 0 0
40 2.20449 -0.3030461 1.676858 -1.94289 15.43294 338.836 1.888162 -0.3345174 1.675782 -1.955393 15.43294 338.836 1.888162 -0.2715749 1.677934 -1.930387 15.43294 338.836 1.888162 0 0 0 0 0 0 0 0
41 2.258328 -0.3051692 1.676157 -1.971812 14.92179 330.5817 0.3187775 -0.3346571 1.675975 -1.988496 14.92179 330.5817 0.3187775 -0.2756813 1.676339 -1.955128 14.92179 330.5817 0.3187775 0 0 0 0 0 0 0 0
42 2.310751 -0.3097717 1.677485 -2.0062 13.93729 321.2995 359.8462 -0.3362269 1.677573 -2.027367 13.93729 321.2995 359.8462 -0.2833166 1.677397 -1.985034 13.93729 321.2995 359.8462 0 0 0 0 0 0 0 0
43 2.374804 -0.3127792 1.68027 -2.028511 13.41395 316.9882 0.08141235 -0.3375457 1.680223 -2.051631 13.41395 316.9882 0.08141235 -0.2880127 1.680317 -2.005391 13.41395 316.9882 0.08141235 0 0 0 0 0 0 0 0
44 2.427096 -0.3189382 1.684056 -2.060471 13.75489 311.7813 359.772 -0.3415364 1.684187 -2.085714 13.75489 311.7813 359.772 -0.29634 1.683926 -2.035227 13.75489 311.7813 359.772 0 0 0 0 0 0 0 0
45 2.492934 -0.316871 1.683497 -2.08904 13.6552 312.7429 359.0668 -0.3399589 1.684033 -2.113831 13.6552 312.7429 359.0668 -0.293783 1.682961 -2.06425 13.6552 312.7429 359.0668 0 0 0 0 0 0 0 0
46 2.541453 -0.3085986 1.688809 -2.11124 13.30493 321.5746 358.1037 -0.3352873 1.6899 -2.132083 13.30493 321.5746 358.1037 -0.2819099 1.687718 -2.090396 13.30493 321.5746 358.1037 0 0 0 0 0 0 0 0
47 2.580655 -0.299291 1.691135 -2.118014 10.49231 330.7929 358.3551 -0.3289386 1.692091 -2.134385 10.49231 330.7929 358.3551 -0.2696435 1.690179 -2.101642 10.49231 330.7929 358.3551 0 0 0 0 0 0 0 0
48 2.614913 -0.288929 1.687605 -2.119172 9.405617 335.5902 358.8315 -0.3198217 1.688287 -2.133068 9.405617 335.5902 358.8315 -0.2580364 1.686923 -2.105276 9.405617 335.5902 358.8315 0 0 0 0 0 0 0 0
49 2.653211 -0.2651418 1.687607 -2.127749 10.23549 345.8263 358.6284 -0.2980171 1.688405 -2.135903 10.23549 345.8263 358.6284 -0.2322664 1.686809 -2.119595 10.23549 345.8263 358.6284 0 0 0 0 0 0 0 0
50 2.694196 -0.2365647 1.68908 -2.138418 11.21687 354.8352 359.4431 -0.2703122 1.689403 -2.141404 11.21686 354.8352 359.4431 -0.2028172 1.688756 -2.135432 11.21686 354.8352 359.4431 0 0 0 0 0 0 0 0
51 2.739662 -0.2063296 1.69123 -2.145774 9.313101 2.054569 359.1273 -0.2401818 1.691739 -2.144476 9.313101 2.054569 359.1273 -0.1724774 1.690721 -2.147072 9.313101 2.054569 359.1273 0 0 0 0 0 0 0 0
52 2.792042 -0.173157 1.690574 -2.153827 9.56383 7.502277 358.8474 -0.2067263 1.691246 -2.149292 9.56383 7.502277 358.8474 -0.1395877 1.689902 -2.158362 9.56383 7.502277 358.8474 0 0 0 0 0 0 0 0
53 2.823763 -0.1383795 1.689814 -2.160112 9.40054 12.15393 358.3465 -0.1714536 1.690778 -2.152826 9.40054 12.15393 358.3465 -0.1053054 1.688849 -2.167399 9.40054 12.15393 358.3465 0 0 0 0 0 0 0 0
54 2.87829 -0.1051522 1.689684 -2.165174 8.065777 15.85289 358.692 -0.1377063 1.69045 -2.155816 8.065777 15.85289 358.692 -0.072598 1.688918 -2.174531 8.065777 15.85289 358.692 0 0 0 0 0 0 0 0
55 2.921273 -0.05349437 1.693386 -2.167878 9.327344 19.21768 0.4246033 -0.08549978 1.693138 -2.156765 9.327344 19.21768 0.4246033 -0.02148897 1.693633 -2.178992 9.327344 19.21768 0.4246033 0 0 0 0 0 0 0 0
56 2.984931 -0.03713488 1.689435 -2.164208 7.993649 19.07501 0.7151974 -0.06917217 1.689016 -2.153192 7.993649 19.07501 0.7151974 -0.00509759 1.689854 -2.175224 7.993649 19.07501 0.7151974 0 0 0 0 0 0 0 0
57 3.017936 -0.006724525 1.682196 -2.161094 10.72095 18.85975 2.36145 -0.03884318 1.680825 -2.150397 10.72095 18.85975 2.36145 0.02539413 1.683568 -2.171792 10.72095 18.85975 2.36145 0 0 0 0 0 0 0 0
58 3.085818 0.01310185 1.675693 -2.156383 12.83902 17.37192 2.67264 -0.01930329 1.674153 -2.146613 12.83902 17.37192 2.67264 0.04550698 1.677233 -2.166153 12.83902 17.37192 2.67264 0 0 0 0 0 0 0 0
59 3.130986 0.03351517 1.66232 -2.148557 19.71095 14.89761 2.268969 0.0006824657 1.661057 -2.140291 19.71095 14.89761 2.268969 0.06634787 1.663583 -2.156824 19.71095 14.89761 2.268969 0 0 0 0 0 0 0 0
60 3.194585 0.03028735 1.660315 -2.147672 20.96133 14.47324 1.798985 -0.002597263 1.659321 -2.139576 20.96133 14.47324 1.798985 0.06317196 1.661308 -2.155767 20.96133 14.47324 1.798985 0 0 0 0 0 0 0 0
61 3.248452 0.03603692 1.649978 -2.14039 24.28224 11.26553 1.790339 0.002739996 1.649013 -2.134202 24.28224 11.26553 1.790339 0.06933384 1.650943 -2.146579 24.28224 11.26553 1.790339 0 0 0 0 0 0 0 0
62 3.317334 0.03879436 1.644399 -2.136768 26.71293 9.36544 1.580359 0.005309433 1.643564 -2.131671 26.71293 9.36544 1.580359 0.0722793 1.645234 -2.141865 26.71293 9.36544 1.580359 0 0 0 0 0 0 0 0
63 3.360683 0.04034106 1.63851 -2.135533 29.11963 7.684504 1.017626 0.006730553 1.637984 -2.131293 29.11963 7.684504 1.017626 0.07395156 1.639036 -2.139772 29.11963 7.684504 1.017626 0 0 0 0 0 0 0 0
64 3.422557 0.04339235 1.636434 -2.135848 30.2882 6.889104 1.214708 0.009720165 1.635814 -2.132145 30.28819 6.889104 1.214708 0.07706454 1.637054 -2.139552 30.28819 6.889104 1.214708 0 0 0 0 0 0 0 0
65 3.470767 0.0467998 1.633778 -2.135081 30.16656 6.776387 1.197065 0.01312095 1.633166 -2.131438 30.16656 6.776387 1.197065 0.08047865 1.63439 -2.138725 30.16656 6.776387 1.197065 0 0 0 0 0 0 0 0
66 3.522813 0.04721568 1.633006 -2.135741 29.77882 6.858048 1.488256 0.01353635 1.632242 -2.132131 29.77882 6.858048 1.488256 0.08089501 1.63377 -2.139352 29.77882 6.858048 1.488256 0 0 0 0 0 0 0 0
67 3.570545 0.04525944 1.63433 -2.134546 29.85863 6.096789 1.317925 0.01153786 1.633654 -2.131334 29.85863 6.096789 1.317925 0.07898101 1.635006 -2.137758 29.85863 6.096789 1.317925 0 0 0 0 0 0 0 0
68 3.620145 0.04189596 1.635685 -2.132171 29.27576 5.736066 1.227756 0.008156952 1.635052 -2.129139 29.27576 5.736066 1.227756 0.07563497 1.636318 -2.135203 29.27576 5.736066 1.227756 0 0 0 0 0 0 0 0
69 3.663548 0.03735173 1.640151 -2.12948 27.69801 5.531612 1.253344 0.003603458 1.639495 -2.126558 27.69801 5.531612 1.253344 0.0711 1.640807 -2.132403 27.69801 5.531612 1.253344 0 0 0 0 0 0 0 0
70 3.711044 0.03102679 1.65284 -2.122406 21.99976 3.462103 1.884695 -0.0027992 1.651807 -2.120778 21.99976 3.462103 1.884695 0.06485278 1.653873 -2.124034 21.99976 3.462103 1.884695 0 0 0 0 0 0 0 0
71 3.761262 0.02274654 1.662865 -2.116969 18.38458 1.877463 1.660241 -0.01111211 1.661934 -2.116168 18.38458 1.877463 1.660241 0.05660519 1.663797 -2.117769 18.38458 1.877463 1.660241 0 0 0 0 0 0 0 0
72 3.803707 0.01173673 1.667545 -2.109354 16.12736 1.214144 1.631294 -0.02212852 1.666619 -2.108904 16.12736 1.214144 1.631294 0.04560199 1.668472 -2.109803 16.12736 1.214144 1.631294 0 0 0 0 0 0 0 0
73 3.85285 -0.01055209 1.669575 -2.100934 15.60292 1.078751 1.941083 -0.04441337 1.66847 -2.100605 15.60292 1.078751 1.941083 0.02330918 1.670681 -2.101263 15.60292 1.078751 1.941083 0 0 0 0 0 0 0 0
74 3.890235 -0.03198749 1.675459 -2.093843 17.10786 1.916586 1.185645 -0.0658491 1.674789 -2.092916 17.10786 1.916586 1.185645 0.001874115 1.676129 -2.094769 17.10786 1.916586 1.185645 0 0 0 0 0 0 0 0
75 3.945811 -0.05549907 1.678709 -2.087797 13.63445 3.289313 2.988836 -0.08930205 1.676992 -2.086271 13.63445 3.289313 2.988836 -0.02169609 1.680426 -2.089322 13.63445 3.289313 2.988836 0 0 0 0 0 0 0 0
76 3.983543 -0.08742208 1.679232 -2.084018 12.73953 4.779505 3.791562 -0.1211524 1.677047 -2.081693 12.73953 4.779505 3.791562 -0.05369172 1.681417 -2.086342 12.73953 4.779505 3.791562 0 0 0 0 0 0 0 0
77 4.038514 -0.1021107 1.679732 -2.080685 12.15666 5.447604 3.5713 -0.1358153 1.677669 -2.077917 12.15666 5.447604 3.5713 -0.06840615 1.681795 -2.083453 12.15666 5.447604 3.5713 0 0 0 0 0 0 0 0
78 4.078468 -0.1451869 1.679391 -2.073131 11.00443 8.04963 3.186618 -0.1787325 1.677542 -2.068749 11.00443 8.04963 3.186618 -0.1116413 1.681239 -2.077512 11.00443 8.04963 3.186618 0 0 0 0 0 0 0 0
79 4.125961 -0.1496499 1.6797 -2.071049 11.19621 8.887926 3.227624 -0.1831281 1.677828 -2.066189 11.19621 8.887926 3.227624 -0.1161717 1.681571 -2.075909 11.19621 8.887926 3.227624 0 0 0 0 0 0 0 0
80 4.170953 -0.1650244 1.677743 -2.065479 10.8246 10.87257 3.258681 -0.1983115 1.675852 -2.059454 10.8246 10.87257 3.258681 -0.1317372 1.679635 -2.071505 10.8246 10.87257 3.258681 0 0 0 0 0 0 0 0
81 4.209645 -0.1858464 1.672799 -2.054165 11.21401 13.81473 3.179312 -0.2187839 1.670956 -2.046443 11.21401 13.81473 3.179312 -0.152909 1.674642 -2.061888 11.21401 13.81473 3.179312 0 0 0 0 0 0 0 0
82 4.262792 -0.1886601 1.674256 -2.046264 13.02067 13.88038 3.343762 -0.2216025 1.672331 -2.038582 13.02067 13.88038 3.343762 -0.1557177 1.676182 -2.053946 13.02067 13.88038 3.343762 0 0 0 0 0 0 0 0
83 4.312376 -0.1960251 1.673246 -2.028618 14.00284 14.05108 3.571843 -0.2289525 1.671198 -2.020904 14.00284 14.05108 3.571843 -0.1630978 1.675294 -2.036333 14.00284 14.05108 3.571843 0 0 0 0 0 0 0 0
84 4.362383 -0.1986374 1.672399 -2.011139 14.90567 13.59396 3.385367 -0.2316327 1.670465 -2.00369 14.90567 13.59396 3.385367 -0.1656422 1.674332 -2.018588 14.90567 13.59396 3.385367 0 0 0 0 0 0 0 0
85 4.417529 -0.1986087 1.672875 -1.9839 15.56217 12.48403 3.661429 -0.2317465 1.67079 -1.977157 15.56217 12.48403 3.661429 -0.1654709 1.674959 -1.990642 15.56217 12.48403 3.661429 0 0 0 0 0 0 0 0
86 4.467982 -0.1946058 1.672343 -1.950255 15.76627 10.30426 4.131601 -0.2279722 1.669993 -1.944863 15.76627 10.30426 4.131601 -0.1612393 1.674692 -1.955647 15.76627 10.30426 4.131601 0 0 0 0 0 0 0 0
87 4.520737 -0.1869083 1.674009 -1.912934 16.2702 6.530124 4.321169 -0.2205551 1.671558 -1.909803 16.2702 6.530124 4.321169 -0.1532616 1.67646 -1.916066 16.2702 6.530124 4.321169 0 0 0 0 0 0 0 0
88 4.56894 -0.1785892 1.680845 -1.883153 16.34793 3.319255 3.523308 -0.2123833 1.678847 -1.88178 16.34793 3.319255 3.523308 -0.1447951 1.682843 -1.884526 16.34793 3.319255 3.523308 0 0 0 0 0 0 0 0
89 4.610912 -0.1691024 1.683893 -1.85403 14.6279 1.927004 2.35919 -0.2029473 1.682543 -1.853244 14.6279 1.927004 2.35919 -0.1352575 1.685242 -1.854816 14.6279 1.927004 2.35919 0 0 0 0 0 0 0 0
90 4.658632 -0.1590375 1.686363 -1.818566 14.91593 0.8051476 2.009311 -0.1928985 1.685215 -1.818396 14.91593 0.8051476 2.009311 -0.1251765 1.687511 -1.818736 14.91593 0.8051476 2.009311 0 0 0 0 0 0 0 0
91 4.713294 -0.1526426 1.689354 -1.794604 15.54621 0.3234791 2.790865 -0.1864853 1.687764 -1.794855 15.54621 0.3234791 2.790865 -0.1188 1.690943 -1.794353 15.54621 0.3234791 2.790865 0 0 0 0 0 0 0 0
92 4.752932 -0.1417042 1.693599 -1.757406 13.77422 0.3056784 2.94685 -0.175542 1.691907 -1.75764 13.77422 0.3056784 2.94685 -0.1078663 1.69529 -1.757172 13.77422 0.3056784 2.94685 0 0 0 0 0 0 0 0
93 4.818566 -0.1400116 1.693351 -1.746123 12.90031 0.6264616 2.663056 -0.1738577 1.691816 -1.746104 12.90031 0.6264616 2.663056 -0.1061654 1.694885 -1.746141 12.90031 0.6264616 2.663056 0 0 0 0 0 0 0 0
94 4.860074 -0.141639 1.691549 -1.713129 10.5608 1.947137 3.018145 -0.1754645 1.689795 -1.712306 10.5608 1.947137 3.018145 -0.1078136 1.693302 -1.713952 10.5608 1.947137 3.018145 0 0 0 0 0 0 0 0
95 4.921075 -0.1517612 1.695019 -1.711135 11.48304 2.627459 2.845225 -0.1855801 1.693371 -1.709918 11.48304 2.627459 2.845225 -0.1179422 1.696667 -1.712352 11.48304 2.627459 2.845225 0 0 0 0 0 0 0 0
96 4.972945 -0.1880187 1.695194 -1.6869 8.760728 5.000634 2.635452 -0.2217556 1.693654 -1.684187 8.760728 5.000634 2.635452 -0.1542818 1.696733 -1.689614 8.760728 5.000634 2.635452 0 0 0 0 0 0 0 0
97 5.02671 -0.2259597 1.693158 -1.679596 9.761023 6.738808 0.5313447 -0.2596114 1.692849 -1.675673 9.761023 6.738808 0.5313447 -0.1923081 1.693468 -1.683518 9.761023 6.738808 0.5313447 0 0 0 0 0 0 0 0
98 5.069327 -0.2595149 1.698009 -1.666489 8.424444 5.900352 1.488823 -0.2932182 1.697139 -1.663135 8.424443 5.900352 1.488823 -0.2258116 1.69888 -1.669842 8.424443 5.900352 1.488823 0 0 0 0 0 0 0 0
99 5.134535 -0.2929793 1.695384 -1.661435 8.962365 3.131981 1.031044 -0.3268093 1.694782 -1.659679 8.962365 3.131981 1.031044 -0.2591493 1.695986 -1.663191 8.962365 3.131981 1.031044 0 0 0 0 0 0 0 0
100 5.168421 -0.3324845 1.697744 -1.651949 10.92369 359.6355 359.8665 -0.3663647 1.697821 -1.65215 10.92369 359.6355 359.8665 -0.2986043 1.697666 -1.651749 10.92369 359.6355 359.8665 0 0 0 0 0 0 0 0
101 5.229596 -0.356191 1.699477 -1.644111 9.279966 356.5338 0.3414331 -0.3900074 1.699278 -1.646192 9.279966 356.5338 0.3414331 -0.3223747 1.699676 -1.64203 9.279966 356.5338 0.3414331 0 0 0 0 0 0 0 0
102 5.259578 -0.3844343 1.698465 -1.634159 9.274897 350.9399 0.6553174 -0.4178804 1.698083 -1.639555 9.274897 350.9399 0.6553174 -0.3509881 1.698848 -1.628762 9.274897 350.9399 0.6553174 0 0 0 0 0 0 0 0
103 5.320485 -0.3941775 1.699638 -1.627315 9.337562 346.3755 1.293784 -0.4270674 1.698883 -1.635415 9.337562 346.3755 1.293784 -0.3612876 1.700393 -1.619216 9.337562 346.3755 1.293784 0 0 0 0 0 0 0 0
104 5.353938 -0.411444 1.701017 -1.61434 8.478189 338.3798 1.574432 -0.4428788 1.700096 -1.626947 8.478189 338.3798 1.574432 -0.3800092 1.701938 -1.601734 8.478189 338.3798 1.574432 0 0 0 0 0 0 0 0
105 5.396731 -0.419896 1.701382 -1.602269 7.896901 330.3583 1.93089 -0.4492489 1.700252 -1.619152 7.896901 330.3583 1.93089 -0.3905432 1.702513 -1.585385 7.896901 330.3583 1.93089 0 0 0 0 0 0 0 0
106 5.432426 -0.423274 1.704831 -1.595941 8.242437 325.7808 2.623707 -0.4511354 1.703296 -1.615158 8.242436 325.7808 2.623707 -0.3954125 1.706366 -1.576724 8.242436 325.7808 2.623707 0 0 0 0 0 0 0 0
107 5.48358 -0.4277917 1.708111 -1.589284 8.150516 318.8165 3.645471 -0.453038 1.705979 -1.611778 8.150516 318.8165 3.645471 -0.4025455 1.710243 -1.566789 8.150516 318.8165 3.645471 0 0 0 0 0 0 0 0
108 5.524546 -0.4307699 1.709842 -1.58196 8.038588 312.2059 4.88635 -0.4531493 1.706984 -1.607236 8.038588 312.2059 4.88635 -0.4083905 1.7127 -1.556683 8.038588 312.2059 4.88635 0 0 0 0 0 0 0 0
109 5.577166 -0.4317483 1.709072 -1.574326 8.429383 306.3542 5.057766 -0.4514012 1.706117 -1.601766 8.429383 306.3542 5.057766 -0.4120954 1.712026 -1.546886 8.429383 306.3542 5.057766 0 0 0 0 0 0 0 0
110 5.60705 -0.4312009 1.708673 -1.566183 8.546672 301.0291 4.713722 -0.448252 1.70592 -1.595331 8.546672 301.0291 4.713722 -0.4141499 1.711427 -1.537035 8.546672 301.0291 4.713722 0 0 0 0 0 0 0 0
111 5.665393 -0.4296889 1.708344 -1.56056 8.819759 298.0023 4.830019 -0.4451535 1.705525 -1.590573 8.819759 298.0023 4.830019 -0.4142242 1.711163 -1.530546 8.819759 298.0023 4.830019 0 0 0 0 0 0 0 0
112 5.695303 -0.4261345 1.707089 -1.549436 9.46934 292.3882 4.64279 -0.4385795 1.704384 -1.580832 9.46934 292.3882 4.64279 -0.4136895 1.709794 -1.51804 9.46934 292.3882 4.64279 0 0 0 0 0 0 0 0
113 5.744316 -0.4242406 1.705662 -1.540784 9.817842 289.0929 3.736961 -0.4349437 1.703486 -1.572856 9.817842 289.0929 3.736961 -0.4135376 1.707838 -1.508711 9.817842 289.0929 3.736961 0 0 0 0 0 0 0 0
114 5.786179 -0.4224351 1.701512 -1.530786 11.33083 284.8528 2.533708 -0.4308271 1.700044 -1.563578 11.33083 284.8528 2.533708 -0.4140431 1.702981 -1.497994 11.33083 284.8528 2.533708 0 0 0 0 0 0 0 0
115 5.831192 -0.4209136 1.700671 -1.525881 11.70005 283.7933 1.993941 -0.4287544 1.699517 -1.558822 11.70005 283.7933 1.993941 -0.4130728 1.701825 -1.49294 11.70005 283.7933 1.993941 0 0 0 0 0 0 0 0
116 5.867826 -0.4159125 1.705529 -1.515059 8.075741 283.5963 0.5816957 -0.4238298 1.705189 -1.548 8.075741 283.5963 0.5816957 -0.4079952 1.70587 -1.482118 8.075741 283.5963 0.5816957 0 0 0 0 0 0 0 0
117 5.920681 -0.4044015 1.712849 -1.503003 3.774799 288.1764 0.5405064 -0.4149499 1.71253 -1.535199 3.774799 288.1764 0.5405064 -0.393853 1.713168 -1.470808 3.774799 288.1764 0.5405064 0 0 0 0 0 0 0 0
118 5.957331 -0.3861064 1.719528 -1.485545 359.0915 296.5961 1.281969 -0.4012818 1.71877 -1.515828 359.0915 296.5961 1.281969 -0.370931 1.720286 -1.455262 359.0915 296.5961 1.281969 0 0 0 0 0 0 0 0
119 6.006244 -0.3743719 1.723903 -1.477577 357.6188 303.6135 0.05334705 -0.3931291 1.723872 -1.505792 357.6188 303.6135 0.05334705 -0.3556147 1.723935 -1.449363 357.6188 303.6135 0.05334705 0 0 0 0 0 0 0 0
120 6.046972 -0.351725 1.72836 -1.465749 354.7308 313.307 359.7376 -0.3749535 1.728515 -1.490413 354.7308 313.307 359.7376 -0.3284965 1.728206 -1.441085 354.7308 313.307 359.7376 0 0 0 0 0 0 0 0
121 6.093138 -0.3406069 1.727918 -1.460742 354.2299 317.473 358.7938 -0.3655217 1.728627 -1.483691 354.2299 317.473 358.7938 -0.3156921 1.727208 -1.437792 354.2299 317.473 358.7938 0 0 0 0 0 0 0 0
122 6.145315 -0.3197609 1.728955 -1.451351 353.2461 325.926 358.2229 -0.3477422 1.729998 -1.470426 353.2461 325.926 358.2229 -0.2917795 1.727911 -1.432276 353.2461 325.926 358.2229 0 0 0 0 0 0 0 0
123 6.198912 -0.3009526 1.727727 -1.444317 352.9904 332.1725 357.3641 -0.3307949 1.729273 -1.460284 352.9904 332.1725 357.3641 -0.2711102 1.72618 -1.428349 352.9904 332.1725 357.3641 0 0 0 0 0 0 0 0
124 6.246257 -0.2861747 1.728688 -1.438023 351.7114 335.0832 355.6096 -0.3166543 1.731255 -1.452595 351.7114 335.0832 355.6096 -0.255695 1.726121 -1.423452 351.7114 335.0832 355.6096 0 0 0 0 0 0 0 0
125 6.295954 -0.2768302 1.727016 -1.435186 351.1872 335.1957 355.2407 -0.3072987 1.729794 -1.449742 351.1872 335.1957 355.2407 -0.2463617 1.724238 -1.42063 351.1872 335.1957 355.2407 0 0 0 0 0 0 0 0
126 6.351983 -0.265617 1.724733 -1.433651 350.0875 333.8009 354.4801 -0.2956285 1.727943 -1.449044 350.0875 333.8009 354.4801 -0.2356054 1.721522 -1.418259 350.0875 333.8009 354.4801 0 0 0 0 0 0 0 0
127 6.404746 -0.2612156 1.723853 -1.434482 348.8385 331.5833 354.115 -0.2905372 1.727261 -1.451112 348.8385 331.5833 354.115 -0.2318941 1.720445 -1.417852 348.8385 331.5833 354.115 0 0 0 0 0 0 0 0
128 6.456378 -0.2605782 1.721655 -1.435858 348.7967 328.8743 354.6532 -0.2891381 1.724752 -1.453821 348.7967 328.8743 354.6532 -0.2320182 1.718558 -1.417896 348.7967 328.8743 354.6532 0 0 0 0 0 0 0 0
129 6.501681 -0.2625064 1.720978 -1.438119 348.4014 325.7787 354.692 -0.290047 1.724048 -1.457613 348.4014 325.7787 354.692 -0.2349657 1.717908 -1.418626 348.4014 325.7787 354.692 0 0 0 0 0 0 0 0
130 6.547105 -0.2657792 1.718101 -1.441574 348.4927 321.6349 355.1882 -0.2918987 1.720886 -1.462973 348.4927 321.6349 355.1882 -0.2396597 1.715316 -1.420174 348.4927 321.6349 355.1882 0 0 0 0 0 0 0 0
131 6.597147 -0.2731682 1.716238 -1.445049 349.0917 316.0712 355.9457 -0.2971937 1.71859 -1.468822 349.0917 316.0712 355.9457 -0.2491426 1.713885 -1.421276 349.0917 316.0712 355.9457 0 0 0 0 0 0 0 0
132 6.650558 -0.2798338 1.715064 -1.451005 349.8252 311.0717 356.8286 -0.3018099 1.716909 -1.476725 349.8252 311.0717 356.8286 -0.2578577 1.713219 -1.425284 349.8252 311.0717 356.8286 0 0 0 0 0 0 0 0
133 6.703621 -0.2901109 1.71594 -1.45899 350.1224 304.1024 357.0364 -0.3088328 1.717666 -1.487175 350.1224 304.1024 357.0364 -0.271389 1.714215 -1.430804 350.1224 304.1024 357.0364 0 0 0 0 0 0 0 0
134 6.75968 -0.3012397 1.719928 -1.467741 349.2708 298.3479 357.2658 -0.317044 1.721516 -1.497668 349.2708 298.3479 357.2658 -0.2854353 1.71834 -1.437814 349.2708 298.3479 357.2658 0 0 0 0 0 0 0 0
135 6.8056 -0.3153139 1.724661 -1.478526 348.3784 292.1784 357.9893 -0.327874 1.725825 -1.509971 348.3784 292.1784 357.9893 -0.3027538 1.723496 -1.44708 348.3784 292.1784 357.9893 0 0 0 0 0 0 0 0
136 6.854138 -0.3283197 1.728799 -1.487562 347.7253 286.3286 356.4335 -0.3373967 1.730858 -1.520139 347.7253 286.3286 356.4335 -0.3192427 1.726739 -1.454985 347.7253 286.3286 356.4335 0 0 0 0 0 0 0 0
137 6.908923 -0.3464917 1.732829 -1.502768 346.5772 277.6298 355.938 -0.3504266 1.735163 -1.536338 346.5772 277.6298 355.938 -0.3425567 1.730494 -1.469197 346.5772 277.6298 355.938 0 0 0 0 0 0 0 0
138 6.958652 -0.3678829 1.734828 -1.520294 346.7177 269.0666 355.4832 -0.3667197 1.737425 -1.554055 346.7177 269.0666 355.4832 -0.3690461 1.732231 -1.486533 346.7177 269.0666 355.4832 0 0 0 0 0 0 0 0
139 7.012329 -0.3896996 1.737612 -1.54028 347.079 262.2378 354.4617 -0.3844205 1.740799 -1.573595 347.079 262.2378 354.4617 -0.3949788 1.734424 -1.506965 347.079 262.2378 354.4617 0 0 0 0 0 0 0 0
140 7.059414 -0.4034657 1.734944 -1.55602 347.205 256.7882 355.236 -0.3951423 1.737688 -1.588748 347.205 256.7882 355.236 -0.4117892 1.7322 -1.523293 347.205 256.7882 355.236 0 0 0 0 0 0 0 0
141 7.115361 -0.4229605 1.725097 -1.576045 351.0893 250.243 355.427 -0.4111503 1.727766 -1.607688 351.0893 250.243 355.427 -0.4347706 1.722428 -1.544401 351.0893 250.243 355.427 0 0 0 0 0 0 0 0
142 7.16588 -0.440668 1.709815 -1.593848 0.0128303 242.7951 356.6066 -0.425206 1.711821 -1.623929 0.0128303 242.7951 356.6066 -0.4561299 1.70781 -1.563768 0.0128303 242.7951 356.6066 0 0 0 0 0 0 0 0
143 7.222963 -0.4574418 1.689418 -1.609039 13.39089 235.8293 358.193 -0.4386264 1.690457 -1.637196 13.39089 235.8293 358.193 -0.4762571 1.688379 -1.580882 13.39089 235.8293 358.193 0 0 0 0 0 0 0 0
144 7.280169 -0.4752465 1.669766 -1.623547 21.089 228.2342 358.1783 -0.4529794 1.670771 -1.649063 21.089 228.2342 358.1783 -0.4975137 1.668761 -1.598031 21.089 228.2342 358.1783 0 0 0 0 0 0 0 0
145 7.345916 -0.4919371 1.650733 -1.630795 31.49932 220.3917 357.2067 -0.466722 1.652141 -1.653381 31.49932 220.3917 357.2067 -0.5171522 1.649325 -1.608209 31.49932 220.3917 357.2067 0 0 0 0 0 0 0 0
146 7.392644 -0.5083005 1.628815 -1.629774 40.74133 213.0621 354.4014 -0.4812179 1.631319 -1.649978 40.74133 213.0621 354.4014 -0.5353831 1.626311 -1.609571 40.74133 213.0621 354.4014 0 0 0 0 0 0 0 0
147 7.457747 -0.5260719 1.609859 -1.625367 47.04558 209.6658 350.8777 -0.4989501 1.613519 -1.64534 47.04558 209.6658 350.8777 -0.5531937 1.606199 -1.605394 47.04558 209.6658 350.8777 0 0 0 0 0 0 0 0
148 7.500238 -0.542525 1.589736 -1.615169 52.58886 206.6615 347.772 -0.5154911 1.594096 -1.635121 52.58886 206.6615 347.772 -0.5695589 1.585376 -1.595217 52.58886 206.6615 347.772 0 0 0 0 0 0 0 0
149 7.55696 -0.5586548 1.580269 -1.599801 57.94386 203.9605 340.5236 -0.5333533 1.586265 -1.621522 57.94386 203.9605 340.5236 -0.5839564 1.574274 -1.57808 57.94386 203.9605 340.5236 0 0 0 0 0 0 0 0
150 7.588033 -0.5716573 1.57397 -1.582942 59.45291 205.4355 337.8961 -0.5480249 1.580449 -1.60634 59.45291 205.4355 337.8961 -0.5952897 1.56749 -1.559545 59.45291 205.4355 337.8961 0 0 0 0 0 0 0 0
151 7.652947 -0.587158 1.571752 -1.562266 60.45212 213.0296 341.444 -0.5653419 1.577069 -1.587638 60.45212 213.0296 341.444 -0.6089741 1.566435 -1.536895 60.45212 213.0296 341.444 0 0 0 0 0 0 0 0
152 7.686313 -0.6074433 1.569624 -1.527977 60.72739 223.586 344.269 -0.5893456 1.574116 -1.556265 60.72739 223.586 344.269 -0.6255411 1.565132 -1.499689 60.72739 223.586 344.269 0 0 0 0 0 0 0 0
153 7.737182 -0.6192706 1.570456 -1.49996 60.23329 232.0732 346.9383 -0.6042272 1.574258 -1.530079 60.23329 232.0732 346.9383 -0.6343139 1.566655 -1.469841 60.23329 232.0732 346.9383 0 0 0 0 0 0 0 0
154 7.779159 -0.6335444 1.570209 -1.462621 58.83399 241.9329 348.5646 -0.6229916 1.573685 -1.494628 58.83399 241.9329 348.5646 -0.6440973 1.566732 -1.430613 58.83399 241.9329 348.5646 0 0 0 0 0 0 0 0
155 7.833973 -0.638773 1.568614 -1.445072 59.64611 247.8512 349.2924 -0.631253 1.571795 -1.477954 59.64611 247.8512 349.2924 -0.6462929 1.565433 -1.412189 59.64611 247.8512 349.2924 0 0 0 0 0 0 0 0
156 7.864355 -0.647078 1.566289 -1.42149 61.49665 256.0381 351.0011 -0.6435236 1.568818 -1.455089 61.49665 256.0381 351.0011 -0.6506325 1.56376 -1.387891 61.49665 256.0381 351.0011 0 0 0 0 0 0 0 0
157 7.919621 -0.6565505 1.560435 -1.402646 62.73816 262.3283 350.9826 -0.6567616 1.562867 -1.436439 62.73816 262.3283 350.9826 -0.6563394 1.558002 -1.368853 62.73816 262.3283 350.9826 0 0 0 0 0 0 0 0
158 7.960258 -0.6729363 1.559638 -1.380365 63.6732 275.2665 350.1568 -0.6811697 1.562206 -1.413129 63.6732 275.2665 350.1568 -0.6647028 1.557069 -1.3476 63.6732 275.2665 350.1568 0 0 0 0 0 0 0 0
159 8.013338 -0.6789469 1.560339 -1.375515 62.69666 283.1433 352.0688 -0.6906227 1.562484 -1.407248 62.69666 283.1433 352.0688 -0.6672711 1.558195 -1.343781 62.69666 283.1433 352.0688 0 0 0 0 0 0 0 0
160 8.055551 -0.6867824 1.561388 -1.36966 61.78505 294.3049 353.4358 -0.7037466 1.56322 -1.398931 61.78505 294.3049 353.4358 -0.6698182 1.559557 -1.340389 61.78505 294.3049 353.4358 0 0 0 0 0 0 0 0
161 8.103524 -0.6965966 1.566802 -1.365759 61.21851 309.6324 353.9507 -0.7204977 1.568521 -1.389711 61.21851 309.6324 353.9507 -0.6726955 1.565083 -1.341807 61.21851 309.6324 353.9507 0 0 0 0 0 0 0 0
162 8.149074 -0.6968755 1.571233 -1.368758 61.14812 320.2098 355.1652 -0.7244174 1.572611 -1.388442 61.14812 320.2098 355.1652 -0.6693336 1.569855 -1.349074 61.14812 320.2098 355.1652 0 0 0 0 0 0 0 0
163 8.189607 -0.695967 1.566797 -1.375157 61.15188 335.0385 357.3212 -0.7272349 1.567561 -1.388182 61.15188 335.0385 357.3212 -0.6646991 1.566033 -1.362132 61.15188 335.0385 357.3212 0 0 0 0 0 0 0 0
164 8.23595 -0.6950179 1.559845 -1.378731 63.24352 339.4771 358.1274 -0.7270781 1.560344 -1.389677 63.24352 339.4771 358.1274 -0.6629577 1.559347 -1.367785 63.24352 339.4771 358.1274 0 0 0 0 0 0 0 0
165 8.289086 -0.6833688 1.554237 -1.384062 65.73529 350.4195 0.6290373 -0.7167187 1.554084 -1.390035 65.73529 350.4195 0.6290373 -0.6500189 1.554389 -1.378089 65.73529 350.4195 0.6290373 0 0 0 0 0 0 0 0
166 8.320006 -0.6662706 1.55476 -1.389773 66.22588 359.6041 2.672536 -0.7001038 1.554123 -1.391452 66.22588 359.6041 2.672536 -0.6324373 1.555397 -1.388093 66.22588 359.6041 2.672536 0 0 0 0 0 0 0 0
167 8.376842 -0.6484672 1.55816 -1.396602 64.78799 0.3804118 359.8503 -0.6823467 1.558198 -1.396297 64.78799 0.3804118 359.8503 -0.6145877 1.558122 -1.396907 64.78799 0.3804118 359.8503 0 0 0 0 0 0 0 0
168 8.417986 -0.5905846 1.565354 -1.413068 62.34319 9.539178 357.4286 -0.6237403 1.566059 -1.406132 62.34319 9.539178 357.4286 -0.557429 1.564648 -1.420005 62.34319 9.539178 357.4286 0 0 0 0 0 0 0 0
169 8.467161 -0.5667163 1.564325 -1.419079 62.14531 14.32688 359.0055 -0.5994099 1.5646 -1.410193 62.14531 14.32688 359.0055 -0.5340226 1.56405 -1.427966 62.14531 14.32688 359.0055 0 0 0 0 0 0 0 0
170 8.504431 -0.5177468 1.571583 -1.426517 62.1581 24.35984 2.307381 -0.5490839 1.570946 -1.413653 62.1581 24.35984 2.307381 -0.4864097 1.57222 -1.439382 62.1581 24.35984 2.307381 0 0 0 0 0 0 0 0
171 8.555227 -0.4953305 1.568862 -1.435351 61.10413 30.22632 5.045919 -0.5258051 1.567422 -1.420615 61.10413 30.22632 5.045919 -0.464856 1.570302 -1.450086 61.10413 30.22632 5.045919 0 0 0 0 0 0 0 0
172 8.600591 -0.4658652 1.567576 -1.441214 61.3305 34.49422 4.910579 -0.4951279 1.566185 -1.424194 61.3305 34.49422 4.910579 -0.4366025 1.568968 -1.458234 61.3305 34.49422 4.910579 0 0 0 0 0 0 0 0
173 8.643991 -0.434095 1.559385 -1.449549 60.97017 39.66977 7.072427 -0.4623044 1.557361 -1.430893 60.97017 39.66977 7.072427 -0.4058857 1.56141 -1.468205 60.97017 39.66977 7.072427 0 0 0 0 0 0 0 0
174 8.679939 -0.412523 1.561663 -1.452908 61.98337 44.16233 7.799297 -0.4394312 1.559503 -1.432433 61.98337 44.16233 7.799297 -0.3856149 1.563823 -1.473382 61.98337 44.16233 7.799297 0 0 0 0 0 0 0 0
175 8.733692 -0.4114769 1.565493 -1.454359 60.50413 42.04255 4.261786 -0.4380364 1.564253 -1.43336 60.50413 42.04255 4.261786 -0.3849173 1.566733 -1.475358 60.50413 42.04255 4.261786 0 0 0 0 0 0 0 0
176 8.772492 -0.4088933 1.56659 -1.455863 58.19254 41.43558 359.6947 -0.4341919 1.566685 -1.433327 58.19254 41.43558 359.6947 -0.3835947 1.566494 -1.4784 58.19254 41.43558 359.6947 0 0 0 0 0 0 0 0
177 8.821249 -0.4120797 1.573041 -1.449983 59.02031 40.9538 357.3611 -0.4367642 1.573843 -1.426789 59.02031 40.9538 357.3611 -0.3873952 1.572238 -1.473176 59.02031 40.9538 357.3611 0 0 0 0 0 0 0 0
178 8.863533 -0.4168243 1.578735 -1.446519 57.93656 40.63517 356.8521 -0.4414699 1.579723 -1.423292 57.93656 40.63517 356.8521 -0.3921787 1.577748 -1.469747 57.93656 40.63517 356.8521 0 0 0 0 0 0 0 0
179 8.911908 -0.420315 1.579746 -1.443561 56.49052 44.09399 357.3834 -0.4437255 1.5806 -1.419084 56.49053 44.09399 357.3834 -0.3969046 1.578892 -1.468038 56.49053 44.09399 357.3834 0 0 0 0 0 0 0 0
180 8.947278 -0.4218216 1.580793 -1.44175 56.08045 46.12777 356.3604 -0.4439689 1.581993 -1.416138 56.08045 46.12777 356.3604 -0.3996743 1.579593 -1.467362 56.08045 46.12777 356.3604 0 0 0 0 0 0 0 0
181 8.999249 -0.4202457 1.589786 -1.444133 54.1902 49.11783 356.3495 -0.4410533 1.591048 -1.417424 54.1902 49.11783 356.3495 -0.3994381 1.588524 -1.470842 54.1902 49.11783 356.3495 0 0 0 0 0 0 0 0
182 9.02917 -0.4181921 1.59936 -1.451498 47.70975 55.2922 357.2661 -0.4364789 1.600448 -1.422997 47.70975 55.2922 357.2661 -0.3999053 1.598273 -1.48 47.70975 55.2922 357.2661 0 0 0 0 0 0 0 0
183 9.082098 -0.4157046 1.610949 -1.462237 42.65837 61.5611 357.0533 -0.4307803 1.61223 -1.431922 42.65837 61.5611 357.0533 -0.4006289 1.609668 -1.492552 42.65837 61.5611 357.0533 0 0 0 0 0 0 0 0
184 9.12141 -0.4139989 1.627098 -1.480255 37.06546 70.39802 355.9211 -0.4239683 1.629021 -1.447931 37.06546 70.39802 355.9211 -0.4040296 1.625175 -1.512579 37.06546 70.39802 355.9211 0 0 0 0 0 0 0 0
185 9.174421 -0.4169471 1.637756 -1.498205 32.91133 77.33977 355.6151 -0.4229777 1.639931 -1.464936 32.91133 77.33977 355.6151 -0.4109164 1.635581 -1.531474 32.91133 77.33977 355.6151 0 0 0 0 0 0 0 0
186 9.222743 -0.425103 1.647748 -1.516626 29.6604 83.56403 355.6044 -0.4276127 1.650004 -1.482913 29.6604 83.56403 355.6044 -0.4225933 1.645491 -1.550338 29.6604 83.56403 355.6044 0 0 0 0 0 0 0 0
187 9.275418 -0.4370177 1.660436 -1.543518 24.09997 92.20442 354.605 -0.4344204 1.663344 -1.509863 24.09997 92.20442 354.605 -0.4396149 1.657528 -1.577174 24.09997 92.20442 354.605 0 0 0 0 0 0 0 0
188 9.325663 -0.4458543 1.65969 -1.556958 22.20446 96.01869 354.4108 -0.4410785 1.662746 -1.523555 22.20446 96.01869 354.4108 -0.4506301 1.656635 -1.590362 22.20446 96.01869 354.4108 0 0 0 0 0 0 0 0
189 9.374977 -0.453471 1.661227 -1.56896 21.78796 98.7241 354.6367 -0.4471927 1.664168 -1.535796 21.78796 98.7241 354.6367 -0.4597493 1.658287 -1.602124 21.78796 98.7241 354.6367 0 0 0 0 0 0 0 0
190 9.429325 -0.4595623 1.665642 -1.583024 21.35611 101.8469 354.7257 -0.451526 1.668542 -1.550238 21.35611 101.8469 354.7257 -0.4675986 1.662741 -1.61581 21.35611 101.8469 354.7257 0 0 0 0 0 0 0 0
191 9.479051 -0.4619007 1.666987 -1.593346 19.72699 103.8877 355.0705 -0.4528447 1.669728 -1.560813 19.72699 103.8877 355.0705 -0.4709566 1.664247 -1.625878 19.72699 103.8877 355.0705 0 0 0 0 0 0 0 0
192 9.527476 -0.4640363 1.665637 -1.601489 20.0272 105.0572 355.5887 -0.4543989 1.668086 -1.5691 20.0272 105.0572 355.5887 -0.4736737 1.663189 -1.633878 20.0272 105.0572 355.5887 0 0 0 0 0 0 0 0
193 9.583723 -0.4624144 1.665885 -1.609978 20.15188 106.5737 355.2802 -0.4518622 1.668503 -1.577889 20.15188 106.5737 355.2802 -0.4729667 1.663268 -1.642067 20.15188 106.5737 355.2802 0 0 0 0 0 0 0 0
194 9.631642 -0.4588304 1.665014 -1.614057 20.12881 106.3604 355.4456 -0.4484287 1.66754 -1.581911 20.12881 106.3604 355.4456 -0.4692321 1.662488 -1.646202 20.12881 106.3604 355.4456 0 0 0 0 0 0 0 0
195 9.683085 -0.4555483 1.664763 -1.61463 20.03254 105.301 354.927 -0.4456526 1.667578 -1.582349 20.03254 105.301 354.927 -0.465444 1.661948 -1.646911 20.03254 105.301 354.927 0 0 0 0 0 0 0 0
196 9.739307 -0.4503194 1.664145 -1.613606 19.89289 103.5326 354.5565 -0.4413638 1.667167 -1.581071 19.89289 103.5326 354.5565 -0.4592749 1.661122 -1.646142 19.89289 103.5326 354.5565 0 0 0 0 0 0 0 0
197 9.787362 -0.4442312 1.662415 -1.611924 19.83095 101.6964 354.4617 -0.4363084 1.665491 -1.579126 19.83095 101.6964 354.4617 -0.4521539 1.659339 -1.644722 19.83095 101.6964 354.4617 0 0 0 0 0 0 0 0
198 9.846516 -0.4396086 1.660257 -1.611132 20.26188 100.4619 354.3484 -0.4323501 1.663387 -1.578186 20.26188 100.4619 354.3484 -0.4468671 1.657127 -1.644078 20.26188 100.4619 354.3484 0 0 0 0 0 0 0 0
199 9.888041 -0.43189 1.65922 -1.609135 20.60686 98.61061 353.7421 -0.4255624 1.662677 -1.57603 20.60686 98.61061 353.7421 -0.4382175 1.655763 -1.64224 20.60686 98.61061 353.7421 0 0 0 0 0 0 0 0
200 9.939563 -0.4236328 1.659076 -1.60607 20.88164 95.91633 353.8917 -0.4188821 1.662445 -1.572694 20.88164 95.91633 353.8917 -0.4283835 1.655708 -1.639447 20.88164 95.91633 353.8917 0 0 0 0 0 0 0 0
201 9.990465 -0.4140515 1.659193 -1.601036 21.19897 92.27724 353.9218 -0.4114165 1.662538 -1.567424 21.19897 92.27724 353.9218 -0.4166864 1.655849 -1.634648 21.19897 92.27724 353.9218 0 0 0 0 0 0 0 0
202 10.0333 -0.4062297 1.660055 -1.595122 21.32257 87.93 353.8326 -0.4061237 1.663445 -1.561411 21.32257 87.93 353.8326 -0.4063357 1.656664 -1.628833 21.32257 87.93 353.8326 0 0 0 0 0 0 0 0
203 10.08041 -0.3982684 1.661029 -1.587332 21.27576 82.52192 354.3351 -0.4014532 1.664145 -1.553745 21.27576 82.52192 354.3351 -0.3950836 1.657912 -1.620918 21.27576 82.52192 354.3351 0 0 0 0 0 0 0 0
204 10.11221 -0.3901728 1.662032 -1.577148 21.38684 75.80978 354.7667 -0.3973513 1.66491 -1.544162 21.38684 75.80978 354.7667 -0.3829944 1.659155 -1.610135 21.38684 75.80978 354.7667 0 0 0 0 0 0 0 0
205 10.16517 -0.3835993 1.661706 -1.567571 21.60253 68.75316 354.6598 -0.394742 1.664638 -1.53571 21.60253 68.75316 354.6598 -0.3724566 1.658774 -1.599433 21.60253 68.75316 354.6598 0 0 0 0 0 0 0 0
206 10.20772 -0.3761791 1.661077 -1.556057 22.13044 60.17588 354.5818 -0.3919085 1.66404 -1.526196 22.13044 60.17588 354.5818 -0.3604496 1.658113 -1.585919 22.13044 60.17588 354.5818 0 0 0 0 0 0 0 0
207 10.25659 -0.3737228 1.660895 -1.550332 22.32222 55.20945 354.9538 -0.39205 1.663652 -1.521969 22.32222 55.20945 354.9538 -0.3553956 1.658138 -1.578694 22.32222 55.20945 354.9538 0 0 0 0 0 0 0 0
208 10.30829 -0.3701248 1.661707 -1.536129 22.15198 42.43112 355.4063 -0.3943613 1.66422 -1.512588 22.15198 42.43112 355.4063 -0.3458883 1.659194 -1.559671 22.15198 42.43112 355.4063 0 0 0 0 0 0 0 0
209 10.36449 -0.3715734 1.66116 -1.52678 21.67972 30.05019 354.9986 -0.4002421 1.663905 -1.508934 21.67972 30.05019 354.9986 -0.3429046 1.658416 -1.544626 21.67972 30.05019 354.9986 0 0 0 0 0 0 0 0
210 10.41758 -0.3760653 1.65928 -1.523425 21.20243 22.13989 354.6381 -0.4068792 1.662232 -1.509652 21.20243 22.13989 354.6381 -0.3452514 1.656328 -1.537199 21.20243 22.13989 354.6381 0 0 0 0 0 0 0 0
211 10.46511 -0.3842664 1.655658 -1.521716 21.4348 14.67213 353.662 -0.4164959 1.65914 -1.511864 21.4348 14.67213 353.662 -0.3520368 1.652177 -1.531567 21.4348 14.67213 353.662 0 0 0 0 0 0 0 0
212 10.50693 -0.3904462 1.654518 -1.523886 21.93819 13.03513 353.3068 -0.4228964 1.658181 -1.514859 21.93819 13.03513 353.3068 -0.3579961 1.650855 -1.532913 21.93819 13.03513 353.3068 0 0 0 0 0 0 0 0
213 10.55163 -0.3956676 1.657865 -1.524584 22.58361 12.66742 353.2512 -0.4281594 1.661542 -1.515714 22.58361 12.66742 353.2512 -0.3631757 1.654189 -1.533455 22.58361 12.66742 353.2512 0 0 0 0 0 0 0 0
214 10.60379 -0.4026376 1.658691 -1.522264 22.60027 12.1119 354.6297 -0.4353632 1.661618 -1.513995 22.60027 12.1119 354.6297 -0.369912 1.655763 -1.530533 22.60027 12.1119 354.6297 0 0 0 0 0 0 0 0
215 10.63914 -0.405628 1.655336 -1.526217 23.42369 11.54693 355.1485 -0.4384763 1.657966 -1.518343 23.42369 11.54693 355.1485 -0.3727798 1.652707 -1.534091 23.42369 11.54693 355.1485 0 0 0 0 0 0 0 0
216 10.7014 -0.4088647 1.649233 -1.531726 27.52676 12.88488 356.5701 -0.4416245 1.65103 -1.523271 27.52676 12.88488 356.5701 -0.376105 1.647435 -1.540181 27.52676 12.88488 356.5701 0 0 0 0 0 0 0 0
217 10.73489 -0.4120333 1.645686 -1.534118 28.96955 15.405 357.7287 -0.4444985 1.646861 -1.524498 28.96955 15.405 357.7287 -0.3795681 1.644511 -1.543738 28.96955 15.405 357.7287 0 0 0 0 0 0 0 0
218 10.78233 -0.4126343 1.650172 -1.538305 29.4799 16.57339 356.9004 -0.444803 1.651767 -1.52779 29.4799 16.57339 356.9004 -0.3804657 1.648577 -1.548819 29.4799 16.57339 356.9004 0 0 0 0 0 0 0 0
219 10.8227 -0.41352 1.653559 -1.539509 31.38824 17.95478 356.8922 -0.4454086 1.655127 -1.52817 31.38824 17.95478 356.8922 -0.3816314 1.651991 -1.550848 31.38824 17.95478 356.8922 0 0 0 0 0 0 0 0
220 10.87689 -0.4126024 1.654932 -1.53839 36.48425 17.61443 355.3975 -0.4443015 1.657118 -1.52663 36.48425 17.61443 355.3975 -0.3809033 1.652746 -1.550151 36.48425 17.61443 355.3975 0 0 0 0 0 0 0 0
221 10.92708 -0.4089241 1.654959 -1.534573 40.74244 17.3134 354.9106 -0.4405586 1.657236 -1.522657 40.74244 17.3134 354.9106 -0.3772896 1.652682 -1.546489 40.74244 17.3134 354.9106 0 0 0 0 0 0 0 0
222 10.98246 -0.3935592 1.64902 -1.515491 47.00174 14.88648 352.8143 -0.4252495 1.651911 -1.50386 47.00174 14.88648 352.8143 -0.3618689 1.64613 -1.527123 47.00174 14.88648 352.8143 0 0 0 0 0 0 0 0
223 11.01716 -0.3795139 1.636689 -1.488682 56.29333 11.36322 349.189 -0.4110995 1.640215 -1.476941 56.29333 11.36322 349.189 -0.3479284 1.633162 -1.500422 56.29333 11.36322 349.189 0 0 0 0 0 0 0 0
224 11.0654 -0.3749822 1.613262 -1.470615 63.57462 4.753768 346.1938 -0.407171 1.61686 -1.460672 63.57462 4.753768 346.1938 -0.3427934 1.609664 -1.480557 63.57462 4.753768 346.1938 0 0 0 0 0 0 0 0
225 11.10271 -0.3698997 1.580962 -1.445062 72.4639 355.4481 338.4932 -0.4022622 1.584705 -1.435757 72.4639 355.4481 338.4932 -0.3375373 1.577219 -1.454367 72.4639 355.4481 338.4932 0 0 0 0 0 0 0 0
226 11.15483 -0.3656486 1.540895 -1.420722 82.58592 328.8293 310.5817 -0.3977144 1.544216 -1.410297 82.58592 328.8293 310.5817 -0.3335828 1.537575 -1.431147 82.58592 328.8293 310.5817 0 0 0 0 0 0 0 0
227 11.1919 -0.3512535 1.485006 -1.386135 75.26311 219.5155 199.799 -0.3829079 1.487926 -1.374413 75.26311 219.5155 199.799 -0.3195991 1.482087 -1.397856 75.26311 219.5155 199.799 0 0 0 0 0 0 0 0
228 11.24036 -0.340257 1.450376 -1.369669 63.82302 210.4293 189.277 -0.3715715 1.452785 -1.35696 63.82302 210.4293 189.277 -0.3089426 1.447966 -1.382378 63.82302 210.4293 189.277 0 0 0 0 0 0 0 0
229 11.28371 -0.321609 1.387948 -1.348735 47.08925 211.6573 185.0992 -0.3514919 1.389999 -1.3329 47.08925 211.6573 185.0992 -0.2917261 1.385898 -1.364569 47.08925 211.6573 185.0992 0 0 0 0 0 0 0 0
230 11.33115 -0.3161522 1.370785 -1.353931 47.56902 212.5983 184.4008 -0.3456455 1.372539 -1.337348 47.56902 212.5983 184.4008 -0.286659 1.369031 -1.370514 47.56902 212.5983 184.4008 0 0 0 0 0 0 0 0
231 11.37793 -0.3004821 1.349956 -1.361781 45.052 213.6626 185.3307 -0.3297946 1.352179 -1.344936 45.052 213.6626 185.3307 -0.2711696 1.347732 -1.378626 45.052 213.6626 185.3307 0 0 0 0 0 0 0 0
232 11.43668 -0.2928932 1.346372 -1.369291 40.48985 208.0993 185.7539 -0.3236689 1.348955 -1.355359 40.48985 208.0993 185.7539 -0.2621175 1.343789 -1.383223 40.48985 208.0993 185.7539 0 0 0 0 0 0 0 0
233 11.4821 -0.2998272 1.34107 -1.363573 42.69366 204.9269 185.8939 -0.3313839 1.343627 -1.351508 42.69366 204.9269 185.8939 -0.2682706 1.338513 -1.375638 42.69366 204.9269 185.8939 0 0 0 0 0 0 0 0
234 11.53091 -0.3126373 1.330526 -1.348287 45.22836 200.9909 179.1882 -0.3441445 1.330188 -1.335833 45.22836 200.9909 179.1882 -0.28113 1.330864 -1.360741 45.22836 200.9909 179.1882 0 0 0 0 0 0 0 0
235 11.58359 -0.3202179 1.311093 -1.319977 39.54843 199.7543 182.1011 -0.3523508 1.312051 -1.309278 39.54843 199.7543 182.1011 -0.288085 1.310135 -1.330676 39.54843 199.7543 182.1011 0 0 0 0 0 0 0 0
236 11.63653 -0.3196058 1.291596 -1.283152 32.28991 199.0245 181.6801 -0.3517953 1.292436 -1.272614 32.28991 199.0245 181.6801 -0.2874163 1.290756 -1.293689 32.28991 199.0245 181.6801 0 0 0 0 0 0 0 0
237 11.6871 -0.3177753 1.284404 -1.249734 31.82154 199.3165 179.7672 -0.3497247 1.284287 -1.238458 31.82154 199.3165 179.7672 -0.285826 1.284521 -1.26101 31.82154 199.3165 179.7672 0 0 0 0 0 0 0 0
238 11.72956 -0.3141008 1.291114 -1.199845 31.10293 200.231 178.632 -0.3457379 1.290421 -1.18774 31.10293 200.231 178.632 -0.2824637 1.291806 -1.21195 31.10293 200.231 178.632 0 0 0 0 0 0 0 0
239 11.7779 -0.314933 1.306086 -1.157025 36.49359 201.216 177.668 -0.3461947 1.304977 -1.144009 36.49359 201.216 177.668 -0.2836713 1.307194 -1.17004 36.49359 201.216 177.668 0 0 0 0 0 0 0 0
240 11.82765 -0.3201728 1.327094 -1.11575 39.12357 202.8853 177.6216 -0.3510149 1.326003 -1.101768 39.12357 202.8853 177.6216 -0.2893307 1.328184 -1.129731 39.12357 202.8853 177.6216 0 0 0 0 0 0 0 0
241 11.86998 -0.3307322 1.348555 -1.068378 44.31773 202.9431 179.5169 -0.3618539 1.34835 -1.054988 44.31773 202.9431 179.5169 -0.2996104 1.348759 -1.081769 44.31773 202.9431 179.5169 0 0 0 0 0 0 0 0
242 11.92318 -0.3370735 1.346197 -1.043622 47.46826 201.0248 177.62 -0.3682995 1.345246 -1.030509 47.46827 201.0248 177.62 -0.3058475 1.347148 -1.056734 47.46827 201.0248 177.62 0 0 0 0 0 0 0 0
243 11.95418 -0.3367191 1.338859 -1.019543 46.07639 202.2994 177.3205 -0.367599 1.337761 -1.005646 46.07639 202.2994 177.3205 -0.3058392 1.339958 -1.033441 46.07639 202.2994 177.3205 0 0 0 0 0 0 0 0
244 12.00223 -0.3264453 1.332321 -1.003658 40.8384 205.6789 179.8553 -0.3569557 1.332257 -0.9889259 40.8384 205.6789 179.8553 -0.2959349 1.332386 -1.01839 40.8384 205.6789 179.8553 0 0 0 0 0 0 0 0
245 12.04185 -0.3040473 1.320781 -0.982089 36.33609 206.1216 180.1068 -0.3344841 1.320832 -0.9672056 36.33609 206.1216 180.1068 -0.2736105 1.32073 -0.9969723 36.33609 206.1216 180.1068 0 0 0 0 0 0 0 0
246 12.09439 -0.2819462 1.313262 -0.9723672 36.02039 206.6674 176.8732 -0.3116903 1.311767 -0.9562125 36.02039 206.6674 176.8732 -0.2522022 1.314756 -0.9885219 36.02039 206.6674 176.8732 0 0 0 0 0 0 0 0
247 12.12448 -0.2491386 1.308153 -0.9587463 32.78571 209.2107 176.1288 -0.2780389 1.30623 -0.9411682 32.78571 209.2107 176.1288 -0.2202383 1.310076 -0.9763244 32.78571 209.2107 176.1288 0 0 0 0 0 0 0 0
248 12.18089 -0.2127768 1.302474 -0.9399421 31.60653 212.6865 179.81 -0.2412602 1.302378 -0.9215955 31.60653 212.6865 179.81 -0.1842933 1.30257 -0.9582887 31.60653 212.6865 179.81 0 0 0 0 0 0 0 0
249 12.22186 -0.1515232 1.289406 -0.8941624 29.97111 217.3375 181.9771 -0.1787992 1.290419 -0.8740898 29.97111 217.3375 181.9771 -0.1242471 1.288394 -0.9142349 29.97111 217.3375 181.9771 0 0 0 0 0 0 0 0
250 12.27818 -0.1249223 1.287136 -0.8711458 28.8674 216.3533 182.424 -0.1525948 1.288391 -0.8516376 28.8674 216.3533 182.424 -0.09724969 1.285881 -0.8906541 28.8674 216.3533 182.424 0 0 0 0 0 0 0 0
251 12.31692 -0.06128834 1.295145 -0.823575 24.83109 216.0696 180.9079 -0.08880366 1.295632 -0.8038118 24.83109 216.0696 180.9079 -0.03377301 1.294658 -0.8433383 24.83109 216.0696 180.9079 0 0 0 0 0 0 0 0
252 12.38349 -0.03589306 1.296276 -0.8105707 23.73845 216.8566 177.8812 -0.0626815 1.29513 -0.7898588 23.73845 216.8566 177.8812 -0.009104615 1.297423 -0.8312825 23.73845 216.8566 177.8812 0 0 0 0 0 0 0 0
253 12.41907 0.01143693 1.29982 -0.7828438 20.84938 215.2135 171.7724 -0.01496413 1.295289 -0.7620984 20.84938 215.2135 171.7724 0.03783799 1.304351 -0.8035891 20.84938 215.2135 171.7724 0 0 0 0 0 0 0 0
254 12.48449 0.05563259 1.296846 -0.7480397 20.61577 214.7805 170.4039 0.02932854 1.29156 -0.7273499 20.61577 214.7805 170.4039 0.08193665 1.302132 -0.7687295 20.61577 214.7805 170.4039 0 0 0 0 0 0 0 0
255 12.51531 0.09646239 1.291269 -0.7101565 26.49016 213.5802 172.9226 0.06948074 1.287533 -0.6900083 26.49016 213.5802 172.9226 0.123444 1.295005 -0.7303047 26.49016 213.5802 172.9226 0 0 0 0 0 0 0 0
256 12.58105 0.1279277 1.285827 -0.6818676 28.99657 213.1623 174.9225 0.1004716 1.283204 -0.6621903 28.99657 213.1623 174.9225 0.1553839 1.28845 -0.7015449 28.99657 213.1623 174.9225 0 0 0 0 0 0 0 0
257 12.61229 0.1724759 1.281449 -0.6460444 27.16317 213.7005 174.1193 0.1453163 1.278361 -0.626026 27.16317 213.7005 174.1193 0.1996354 1.284538 -0.6660628 27.16317 213.7005 174.1193 0 0 0 0 0 0 0 0
258 12.68287 0.2107644 1.278659 -0.626028 24.62583 215.226 172.1054 0.1844684 1.274428 -0.6050866 24.62583 215.226 172.1054 0.2370604 1.282889 -0.6469694 24.62583 215.226 172.1054 0 0 0 0 0 0 0 0
259 12.72173 0.2993792 1.268663 -0.5846101 22.88916 217.5431 170.334 0.2742448 1.263422 -0.5625032 22.88916 217.5431 170.334 0.3245135 1.273904 -0.606717 22.88916 217.5431 170.334 0 0 0 0 0 0 0 0
260 12.78406 0.3175559 1.265125 -0.5749695 22.45551 218.0518 169.4234 0.2927936 1.259378 -0.5525705 22.45551 218.0518 169.4234 0.3423181 1.270873 -0.5973685 22.45551 218.0518 169.4234 0 0 0 0 0 0 0 0
261 12.81502 0.3787045 1.253155 -0.5387203 21.7543 218.8606 168.8197 0.3543507 1.247054 -0.51597 21.7543 218.8606 168.8197 0.4030584 1.259257 -0.5614706 21.7543 218.8606 168.8197 0 0 0 0 0 0 0 0
262 12.87391 0.4140956 1.246256 -0.5098339 22.78372 219.8646 171.6349 0.3895901 1.241712 -0.486883 22.78372 219.8646 171.6349 0.4386012 1.250801 -0.5327848 22.78372 219.8646 171.6349 0 0 0 0 0 0 0 0
263 12.91564 0.4675906 1.228587 -0.47285 26.43193 222.1608 175.1351 0.4434249 1.226014 -0.4492425 26.43193 222.1608 175.1351 0.4917564 1.23116 -0.4964575 26.43193 222.1608 175.1351 0 0 0 0 0 0 0 0
