#Frame, Timer, HeadX, HeadY, HeadZ, HeadRX, HeadRY, HeadRZ, LHandX, LHandY, LHandZ, LHandRX, LHandRY, LHandRZ, RHandX, RHandY, RHandZ, RHandRX, RHandRY, RHandRZ, LEyeRX, LEyeRY, LEyeRZ, REyeRX, REyeRY, REyeRZ, LEyeConf, REyeConf
1 0.155727 -0.9377235 1.994487 0.9112806 9.264546 28.72291 357.7429 -0.9676726 1.99582 0.9279408 9.264547 28.72291 357.7429 -0.9077744 1.993154 0.8946204 9.264547 28.72291 357.7429 0 0 0 0 0 0 0 0
2 0.2900312 -0.9473344 2.022588 0.8800327 354.4989 25.99413 0.9197986 -0.9781349 2.02204 0.8951099 354.4989 25.99413 0.9197986 -0.9165339 2.023136 0.8649555 354.4989 25.99413 0.9197986 0 0 0 0 0 0 0 0
3 0.4456651 -0.9494739 2.035047 0.8532698 345.2011 24.97756 1.05113 -0.9804901 2.034439 0.8678955 345.2011 24.97756 1.05113 -0.9184576 2.035655 0.8386441 345.2011 24.97756 1.05113 0 0 0 0 0 0 0 0
4 0.5957533 -0.9243822 2.010784 0.8444637 359.034 33.57211 358.0436 -0.9529525 2.011955 0.863402 359.034 33.57211 358.0436 -0.8958119 2.009614 0.8255254 359.034 33.57211 358.0436 0 0 0 0 0 0 0 0
5 0.76242 -0.8945734 1.988475 0.8527238 11.06994 28.64009 353.6431 -0.9241396 1.992202 0.8697014 11.06994 28.64009 353.6431 -0.8650072 1.984748 0.8357461 11.06994 28.64009 353.6431 0 0 0 0 0 0 0 0
6 0.9189135 -0.8391086 1.981688 0.8398879 13.78252 29.81577 354.2183 -0.8683051 1.985044 0.8575682 13.78252 29.81577 354.2183 -0.8099121 1.978333 0.8222075 13.78252 29.81577 354.2183 0 0 0 0 0 0 0 0
7 1.083688 -0.7683574 1.976081 0.8228864 11.9711 29.52945 354.7747 -0.7977561 1.979137 0.8402839 11.9711 29.52945 354.7747 -0.7389587 1.973025 0.8054889 11.9711 29.52945 354.7747 0 0 0 0 0 0 0 0
8 1.249214 -0.6766886 1.982011 0.8183885 7.049916 27.29947 354.1686 -0.7068118 1.985469 0.8344172 7.049916 27.29947 354.1686 -0.6465654 1.978553 0.8023598 7.049916 27.29947 354.1686 0 0 0 0 0 0 0 0
9 1.414172 -0.5809206 1.988007 0.7974911 4.294445 28.10422 354.2015 -0.6108968 1.991463 0.8137938 4.294445 28.10422 354.2015 -0.5509444 1.984552 0.7811883 4.294445 28.10422 354.2015 0 0 0 0 0 0 0 0
10 1.580839 -0.4874149 1.989724 0.7249643 7.04979 13.71896 352.6756 -0.5203344 1.994063 0.7335531 7.04979 13.71896 352.6756 -0.4544954 1.985384 0.7163754 7.04979 13.71896 352.6756 0 0 0 0 0 0 0 0
11 1.746637 -0.4257332 1.984853 0.6638777 6.280769 357.5154 350.9261 -0.4595949 1.99023 0.6630007 6.280769 357.5154 350.9261 -0.3918715 1.979477 0.6647547 6.280769 357.5154 350.9261 0 0 0 0 0 0 0 0
12 1.913304 -0.4179124 1.983003 0.6481587 8.980359 337.8964 351.4124 -0.4496334 1.988061 0.6361386 8.980359 337.8964 351.4124 -0.3861914 1.977944 0.6601787 8.980359 337.8964 351.4124 0 0 0 0 0 0 0 0
13 1.959891 -0.412172 1.98373 0.6578099 10.86334 330.603 353.3842 -0.4422196 1.987611 0.6417358 10.86334 330.603 353.3842 -0.3821245 1.97985 0.673884 10.86334 330.603 353.3842 0 0 0 0 0 0 0 0
14 2.117482 -0.3987256 1.983227 0.6881602 9.539316 338.8263 355.2003 -0.4307669 1.986057 0.6762592 9.539316 338.8263 355.2003 -0.3666843 1.980397 0.7000613 9.539316 338.8263 355.2003 0 0 0 0 0 0 0 0
15 2.16754 -0.3763937 1.979603 0.7261442 8.509171 346.4746 357.3318 -0.4097587 1.981182 0.7183613 8.509171 346.4746 357.3318 -0.3430287 1.978024 0.7339271 8.509171 346.4746 357.3318 0 0 0 0 0 0 0 0
16 2.333631 -0.3291833 1.985259 0.7428073 9.946919 342.3907 357.0555 -0.3619222 1.986994 0.7327353 9.946919 342.3907 357.0555 -0.2964444 1.983523 0.7528792 9.946919 342.3907 357.0555 0 0 0 0 0 0 0 0
17 2.40475 -0.2671109 1.98449 0.7462574 10.47699 333.6473 0.3221308 -0.2978277 1.9843 0.7310019 10.47699 333.6473 0.3221308 -0.236394 1.98468 0.7615129 10.47699 333.6473 0.3221308 0 0 0 0 0 0 0 0
18 2.559856 -0.2074673 1.981879 0.7364838 12.19068 324.4094 2.013272 -0.2351923 1.980701 0.7163286 12.19068 324.4094 2.013272 -0.1797424 1.983056 0.7566389 12.19068 324.4094 2.013272 0 0 0 0 0 0 0 0
19 2.639604 -0.1629703 1.982539 0.7151585 13.2051 317.2081 1.212087 -0.1880202 1.981833 0.6917428 13.2051 317.2081 1.212087 -0.1379204 1.983245 0.7385742 13.2051 317.2081 1.212087 0 0 0 0 0 0 0 0
20 2.786755 -0.124619 1.987415 0.675367 10.67951 315.225 1.223741 -0.1488646 1.986695 0.6511198 10.67951 315.225 1.223741 -0.1003734 1.988135 0.6996142 10.67951 315.225 1.223741 0 0 0 0 0 0 0 0
21 2.875155 -0.1084737 1.993506 0.6265566 9.950006 312.9366 359.9552 -0.1318399 1.993533 0.6014506 9.950006 312.9366 359.9552 -0.08510751 1.99348 0.6516626 9.950006 312.9366 359.9552 0 0 0 0 0 0 0 0
22 3.025231 -0.09522554 1.992178 0.5854508 10.93789 314.1238 358.8737 -0.1191908 1.99284 0.5609249 10.93789 314.1238 358.8737 -0.07126033 1.991516 0.6099768 10.93789 314.1238 358.8737 0 0 0 0 0 0 0 0
23 3.11723 -0.07469966 1.987116 0.5647817 12.77663 324.5345 1.010436 -0.1025515 1.986526 0.5447763 12.77663 324.5345 1.010436 -0.04684781 1.987705 0.5847871 12.77663 324.5345 1.010436 0 0 0 0 0 0 0 0
24 3.26081 -0.05212751 1.986402 0.5659556 12.7948 330.3729 0.9202102 -0.08187649 1.985865 0.5488969 12.7948 330.3729 0.9202102 -0.02237853 1.986939 0.5830144 12.7948 330.3729 0.9202102 0 0 0 0 0 0 0 0
25 3.367504 -0.02334595 1.992514 0.5780313 11.91156 334.9365 1.041398 -0.05435394 1.991904 0.5633881 11.91156 334.9365 1.041398 0.007662049 1.993124 0.5926745 11.91156 334.9365 1.041398 0 0 0 0 0 0 0 0
26 3.510611 0.001832455 1.99501 0.5896629 11.66412 337.3405 2.774495 -0.02965085 1.993384 0.5761555 11.66412 337.3405 2.774495 0.03331576 1.996636 0.6031703 11.66412 337.3405 2.774495 0 0 0 0 0 0 0 0
27 3.624214 0.01700932 1.99159 0.5932951 12.54534 328.9403 3.976837 -0.01203329 1.989268 0.5752002 12.54534 328.9403 3.976837 0.04605193 1.993911 0.61139 12.54534 328.9403 3.976837 0 0 0 0 0 0 0 0
28 3.75428 0.0298256 1.994364 0.5915597 10.86939 322.3873 2.72129 0.002875051 1.992765 0.5704079 10.86939 322.3873 2.72129 0.05677614 1.995963 0.6127115 10.86939 322.3873 2.72129 0 0 0 0 0 0 0 0
29 3.887821 0.0295234 2.001176 0.5851834 6.254532 310.7586 2.764517 0.00729429 1.999532 0.5591171 6.254532 310.7586 2.764517 0.05175252 2.00282 0.6112497 6.254532 310.7586 2.764517 0 0 0 0 0 0 0 0
30 4.023624 0.002076298 2.002403 0.5686681 6.787019 292.396 2.82195 -0.01079077 2.000726 0.5369204 6.787019 292.396 2.82195 0.01494336 2.00408 0.6004158 6.787019 292.396 2.82195 0 0 0 0 0 0 0 0
31 4.159725 -0.04273462 2.000354 0.540859 6.062852 281.322 1.252157 -0.04938868 1.999609 0.5072219 6.062852 281.322 1.252157 -0.03608056 2.001099 0.5744962 6.062852 281.322 1.252157 0 0 0 0 0 0 0 0
32 4.291895 -0.09946081 1.991833 0.5089983 5.645862 272.3383 0.01299086 -0.1008594 1.991825 0.4747298 5.645862 272.3383 0.01299086 -0.09806226 1.991841 0.5432669 5.645862 272.3383 0.01299086 0 0 0 0 0 0 0 0
33 4.426753 -0.1651306 1.988007 0.4905953 9.732348 257.5515 359.4342 -0.1577937 1.988341 0.4570939 9.732348 257.5515 359.4342 -0.1724675 1.987674 0.5240968 9.732348 257.5515 359.4342 0 0 0 0 0 0 0 0
34 4.561415 -0.243391 1.983376 0.5002155 9.588055 243.154 1.332017 -0.2277884 1.982589 0.4696831 9.588055 243.154 1.332017 -0.2589937 1.984162 0.530748 9.588055 243.154 1.332017 0 0 0 0 0 0 0 0
35 4.693085 -0.3328354 1.980328 0.5316049 11.31891 231.4131 5.47128 -0.3110401 1.977122 0.5053186 11.31891 231.4131 5.47128 -0.3546308 1.983535 0.5578913 11.31891 231.4131 5.47128 0 0 0 0 0 0 0 0
36 4.825763 -0.3844391 1.987964 0.5500239 12.70324 225.5376 4.945763 -0.3600414 1.98508 0.5260923 12.70324 225.5376 4.945763 -0.4088368 1.990849 0.5739555 12.70324 225.5376 4.945763 0 0 0 0 0 0 0 0
37 4.965099 -0.4229577 1.992305 0.5537408 11.81293 243.2772 0.692265 -0.4074605 1.991899 0.5231473 11.81293 243.2772 0.692265 -0.4384548 1.992711 0.5843343 11.81293 243.2772 0.692265 0 0 0 0 0 0 0 0
38 5.10617 -0.434266 1.983743 0.5968685 14.22977 292.0639 0.9152039 -0.4470229 1.983212 0.5650366 14.22977 292.0639 0.9152039 -0.4215091 1.984274 0.6287004 14.22977 292.0639 0.9152039 0 0 0 0 0 0 0 0
39 5.257074 -0.417681 1.97953 0.6632318 10.86812 329.4758 4.141295 -0.4469107 1.977098 0.6454554 10.86812 329.4758 4.141295 -0.3884513 1.981962 0.6810082 10.86812 329.4758 4.141295 0 0 0 0 0 0 0 0
40 5.390985 -0.3876274 1.980685 0.7161809 9.029445 352.5822 358.0529 -0.4216414 1.981835 0.711937 9.029445 352.5822 358.0529 -0.3536133 1.979534 0.7204249 9.029445 352.5822 358.0529 0 0 0 0 0 0 0 0
41 5.540827 -0.4202723 1.987849 0.7177865 6.478004 9.564061 355.7198 -0.4539503 1.990393 0.7237539 6.478004 9.564061 355.7198 -0.3865942 1.985306 0.7118191 6.478004 9.564061 355.7198 0 0 0 0 0 0 0 0
42 5.577934 -0.4938173 1.984753 0.714968 3.100043 25.43304 353.02 -0.5244642 1.988915 0.7297915 3.100043 25.43304 353.02 -0.4631704 1.980591 0.7001445 3.100043 25.43304 353.02 0 0 0 0 0 0 0 0
43 5.710953 -0.5476509 1.97708 0.7017034 6.43997 39.18709 351.3601 -0.5735673 1.9822 0.7235762 6.43997 39.18709 351.3601 -0.5217345 1.97196 0.6798307 6.43997 39.18709 351.3601 0 0 0 0 0 0 0 0
44 5.780365 -0.6241032 1.980319 0.6765727 8.862597 54.88955 354.5152 -0.6433259 1.983558 0.7047912 8.862597 54.88955 354.5152 -0.6048806 1.97708 0.6483541 8.862597 54.88955 354.5152 0 0 0 0 0 0 0 0
45 5.91672 -0.6713907 1.985068 0.638826 7.067147 66.63938 355.0462 -0.6846047 1.988007 0.6703386 7.067147 66.63938 355.0462 -0.6581766 1.982129 0.6073135 7.067147 66.63938 355.0462 0 0 0 0 0 0 0 0
46 5.99677 -0.7111977 1.988397 0.5929461 5.121206 76.95972 355.2909 -0.7186654 1.991202 0.6263027 5.121206 76.95972 355.2909 -0.70373 1.985593 0.5595896 5.121206 76.95972 355.2909 0 0 0 0 0 0 0 0
47 6.126545 -0.7337013 1.991816 0.5454282 6.408251 88.99324 357.1944 -0.7341159 1.993484 0.5796821 6.408251 88.99324 357.1944 -0.7332868 1.990148 0.5111742 6.408251 88.99324 357.1944 0 0 0 0 0 0 0 0
48 6.208841 -0.765202 1.990681 0.4922838 8.144707 101.9563 359.3481 -0.7580432 1.991067 0.5258232 8.144707 101.9563 359.3481 -0.7723609 1.990295 0.4587444 8.144707 101.9563 359.3481 0 0 0 0 0 0 0 0
49 6.348304 -0.7890161 1.992576 0.4708405 8.567478 108.9212 359.3501 -0.7778406 1.992961 0.5032635 8.567478 108.9212 359.3501 -0.8001917 1.992192 0.4384175 8.567478 108.9212 359.3501 0 0 0 0 0 0 0 0
50 6.433794 -0.8068817 1.994986 0.4584967 8.829283 124.2318 0.7458202 -0.7876464 1.994545 0.4868886 8.829283 124.2318 0.7458202 -0.826117 1.995427 0.4301049 8.829283 124.2318 0.7458202 0 0 0 0 0 0 0 0
51 6.568757 -0.8095853 1.992846 0.445771 11.22035 138.4199 1.330641 -0.7840399 1.992065 0.4686426 11.22035 138.4199 1.330641 -0.8351308 1.993627 0.4228994 11.22035 138.4199 1.330641 0 0 0 0 0 0 0 0
52 6.656588 -0.8027337 1.988357 0.4370531 13.79593 149.9853 0.1597508 -0.7730475 1.988264 0.4542289 13.79593 149.9853 0.1597508 -0.8324199 1.988449 0.4198772 13.79593 149.9853 0.1597508 0 0 0 0 0 0 0 0
53 6.792134 -0.7982967 1.980278 0.4336972 17.14083 158.1844 0.1044409 -0.7664627 1.980218 0.4464598 17.14083 158.1844 0.1044409 -0.8301307 1.980337 0.4209346 17.14083 158.1844 0.1044409 0 0 0 0 0 0 0 0
54 6.875711 -0.7942911 1.96525 0.4439824 22.93011 165.8955 0.3376288 -0.7610477 1.965064 0.4524165 22.93011 165.8955 0.3376288 -0.8275344 1.965437 0.4355482 22.93011 165.8955 0.3376288 0 0 0 0 0 0 0 0
55 7.027432 -0.7870606 1.960382 0.4624833 25.05176 164.9289 359.4029 -0.7539057 1.960706 0.4712545 25.05176 164.9289 359.4029 -0.8202156 1.960058 0.453712 25.05176 164.9289 359.4029 0 0 0 0 0 0 0 0
56 7.109296 -0.7985716 1.958913 0.4786331 24.97454 161.5543 0.224239 -0.7660547 1.958791 0.4895386 24.97454 161.5543 0.224239 -0.8310885 1.959034 0.4677277 24.97454 161.5543 0.224239 0 0 0 0 0 0 0 0
57 7.25827 -0.8367736 1.955876 0.4853198 25.29416 154.788 0.2823563 -0.8057749 1.955724 0.4999945 25.29416 154.788 0.2823563 -0.8677724 1.956029 0.4706451 25.29416 154.788 0.2823563 0 0 0 0 0 0 0 0
58 7.346466 -0.9119073 1.953404 0.4850786 24.30699 149.4789 4.2522 -0.8829753 1.951087 0.5033504 24.30699 149.4789 4.2522 -0.9408394 1.955722 0.4668069 24.30699 149.4789 4.2522 0 0 0 0 0 0 0 0
59 7.508545 -0.9847834 1.948186 0.4852892 24.34018 147.6512 7.03711 -0.9569539 1.944357 0.5049654 24.34018 147.6512 7.03711 -1.012613 1.952014 0.465613 24.34018 147.6512 7.03711 0 0 0 0 0 0 0 0
60 7.59608 -1.03222 1.954206 0.4864042 24.21313 151.1318 6.78466 -1.003198 1.950511 0.504302 24.21313 151.1318 6.78466 -1.061243 1.957901 0.4685063 24.21313 151.1318 6.78466 0 0 0 0 0 0 0 0
61 7.753035 -1.053947 1.964571 0.496875 20.04971 159.9446 5.04516 -1.022209 1.961737 0.5095623 20.04971 159.9446 5.04516 -1.085685 1.967404 0.4841878 20.04971 159.9446 5.04516 0 0 0 0 0 0 0 0
62 7.840848 -1.048618 1.976242 0.5144069 17.48527 167.535 2.696402 -1.015271 1.974703 0.5222749 17.48527 167.535 2.696402 -1.081965 1.977781 0.5065389 17.48527 167.535 2.696402 0 0 0 0 0 0 0 0
63 7.98753 -1.045635 1.977767 0.5181305 17.32753 176.1363 1.176456 -1.011437 1.977095 0.5206503 17.32753 176.1363 1.176456 -1.079833 1.978439 0.5156107 17.32753 176.1363 1.176456 0 0 0 0 0 0 0 0
64 8.078794 -1.048763 1.969375 0.5237215 20.93755 181.7842 2.320851 -1.014495 1.968078 0.5231506 20.93755 181.7842 2.320851 -1.083031 1.970673 0.5242924 20.93755 181.7842 2.320851 0 0 0 0 0 0 0 0
65 8.22824 -1.053946 1.9534 0.5235907 27.40973 175.8714 3.370188 -1.019863 1.95161 0.5269814 27.40973 175.8714 3.370188 -1.088028 1.95519 0.5202 27.40973 175.8714 3.370188 0 0 0 0 0 0 0 0
66 8.332179 -1.063935 1.944226 0.5104601 32.02056 162.8096 3.617258 -1.031575 1.942391 0.5216724 32.02056 162.8096 3.617258 -1.096296 1.946061 0.4992478 32.02056 162.8096 3.617258 0 0 0 0 0 0 0 0
67 8.481638 -1.070729 1.936328 0.5073429 35.05599 141.6867 1.38476 -1.044122 1.93565 0.528973 35.05599 141.6867 1.38476 -1.097337 1.937006 0.4857127 35.05599 141.6867 1.38476 0 0 0 0 0 0 0 0
68 8.585171 -1.086823 1.934577 0.5173727 34.43487 122.13 359.3797 -1.068405 1.934884 0.5463036 34.43487 122.13 359.3797 -1.10524 1.934271 0.4884418 34.43487 122.13 359.3797 0 0 0 0 0 0 0 0
69 8.723282 -1.110263 1.931175 0.5277647 34.55062 115.258 0.3465099 -1.095736 1.931004 0.5588325 34.55062 115.258 0.3465099 -1.124791 1.931346 0.496697 34.55062 115.258 0.3465099 0 0 0 0 0 0 0 0
70 8.826689 -1.133421 1.925522 0.5564147 36.92069 102.5186 359.6482 -1.125864 1.92569 0.5898683 36.92069 102.5186 359.6482 -1.140979 1.925354 0.522961 36.92069 102.5186 359.6482 0 0 0 0 0 0 0 0
71 8.952164 -1.151028 1.920965 0.5842047 37.65195 100.7077 0.05489266 -1.144675 1.920939 0.6179083 37.65195 100.7077 0.05489266 -1.15738 1.920991 0.550501 37.65195 100.7077 0.05489266 0 0 0 0 0 0 0 0
72 9.067348 -1.161386 1.930146 0.615257 36.476 102.4631 0.9732184 -1.154324 1.929678 0.6488158 36.476 102.4631 0.9732184 -1.168449 1.930614 0.5816982 36.476 102.4631 0.9732184 0 0 0 0 0 0 0 0
73 9.146835 -1.171279 1.939531 0.6396216 33.88073 104.1881 0.2205337 -1.162944 1.939422 0.6728902 33.88073 104.1881 0.2205337 -1.179614 1.939641 0.6063529 33.88073 104.1881 0.2205337 0 0 0 0 0 0 0 0
74 9.24202 -1.173029 1.944836 0.644667 30.37303 106.8861 359.8156 -1.163013 1.944932 0.677469 30.37303 106.8861 359.8156 -1.183044 1.944741 0.611865 30.37303 106.8861 359.8156 0 0 0 0 0 0 0 0
75 9.329617 -1.178179 1.951372 0.6316213 26.74648 114.8604 357.6483 -1.163198 1.952628 0.6624478 26.74648 114.8604 357.6483 -1.19316 1.950115 0.6007949 26.74648 114.8604 357.6483 0 0 0 0 0 0 0 0
76 9.432837 -1.180824 1.950888 0.605154 26.9644 116.1407 358.7825 -1.16542 1.951538 0.6357905 26.9644 116.1407 358.7825 -1.196227 1.950239 0.5745175 26.9644 116.1407 358.7825 0 0 0 0 0 0 0 0
77 9.530419 -1.185873 1.947229 0.5491154 26.73258 113.5923 358.9918 -1.1719 1.947768 0.5804323 26.73258 113.5923 358.9918 -1.199846 1.94669 0.5177984 26.73258 113.5923 358.9918 0 0 0 0 0 0 0 0
78 9.630524 -1.196393 1.944607 0.4939254 26.33323 113.9068 1.20712 -1.18279 1.94396 0.5254029 26.33323 113.9068 1.20712 -1.209996 1.945255 0.4624479 26.33323 113.9068 1.20712 0 0 0 0 0 0 0 0
79 9.734729 -1.20188 1.942502 0.4330056 27.89617 114.4819 3.90388 -1.188695 1.940438 0.4645994 27.89617 114.4819 3.903881 -1.215066 1.944566 0.4014117 27.89617 114.4819 3.903881 0 0 0 0 0 0 0 0
80 9.834521 -1.197701 1.942633 0.4028161 29.4794 110.4601 3.149606 -1.186599 1.940992 0.4352252 29.4794 110.4601 3.149606 -1.208803 1.944273 0.370407 29.4794 110.4601 3.149606 0 0 0 0 0 0 0 0
81 9.942316 -1.191133 1.944288 0.3880957 30.45064 110.5011 2.149681 -1.17974 1.943179 0.4204264 30.45064 110.5011 2.149681 -1.202526 1.945397 0.3557651 30.45064 110.5011 2.149681 0 0 0 0 0 0 0 0
82 10.04859 -1.17999 1.946515 0.3873707 30.38572 112.775 1.540113 -1.167148 1.94572 0.4191628 30.38572 112.775 1.540113 -1.192832 1.94731 0.3555786 30.38572 112.775 1.540113 0 0 0 0 0 0 0 0
83 10.16551 -1.166085 1.94672 0.3925512 30.91077 115.1186 0.8565398 -1.151766 1.94628 0.4237131 30.91077 115.1186 0.8565398 -1.180403 1.94716 0.3613892 30.91077 115.1186 0.8565398 0 0 0 0 0 0 0 0
84 10.269 -1.157798 1.947556 0.3994256 31.12268 118.456 0.830718 -1.141684 1.947131 0.4296983 31.12268 118.456 0.830718 -1.173912 1.947982 0.3691528 31.12268 118.456 0.830718 0 0 0 0 0 0 0 0
85 10.3826 -1.152504 1.948836 0.4056107 30.73794 121.2831 0.9575158 -1.134947 1.948343 0.4350694 30.73794 121.2831 0.9575168 -1.170061 1.949329 0.3761519 30.73794 121.2831 0.9575168 0 0 0 0 0 0 0 0
86 10.49403 -1.145933 1.949128 0.4129702 30.66211 121.6871 1.033441 -1.128189 1.948596 0.4423155 30.66211 121.6871 1.033441 -1.163677 1.94966 0.3836248 30.66211 121.6871 1.033441 0 0 0 0 0 0 0 0
87 10.59323 -1.141171 1.949702 0.419622 29.96007 120.5205 0.6194563 -1.123914 1.94938 0.4492594 29.96007 120.5205 0.6194563 -1.158428 1.950023 0.3899845 29.96007 120.5205 0.6194563 0 0 0 0 0 0 0 0
88 10.70876 -1.139148 1.957201 0.423878 26.41292 120.5917 0.9881946 -1.121923 1.956672 0.453531 26.41292 120.5917 0.9881946 -1.156373 1.957731 0.394225 26.41292 120.5917 0.9881946 0 0 0 0 0 0 0 0
89 10.8158 -1.140161 1.961462 0.4261413 24.64869 120.8624 1.596301 -1.122916 1.960593 0.455775 24.64869 120.8624 1.596301 -1.157406 1.96233 0.3965077 24.64869 120.8624 1.596301 0 0 0 0 0 0 0 0
90 10.92985 -1.141457 1.964158 0.4259495 22.9259 122.3954 2.827653 -1.123661 1.962599 0.4552268 22.9259 122.3954 2.827653 -1.159253 1.965716 0.3966722 22.9259 122.3954 2.827653 0 0 0 0 0 0 0 0
91 11.03675 -1.139555 1.970267 0.4329748 21.97907 118.0443 5.066192 -1.124493 1.967458 0.4636596 21.97907 118.0443 5.066192 -1.154616 1.973076 0.4022901 21.97907 118.0443 5.066192 0 0 0 0 0 0 0 0
92 11.15165 -1.143772 1.973568 0.4427136 20.89997 112.5093 5.462584 -1.131777 1.970518 0.4746999 20.89997 112.5093 5.462584 -1.155766 1.976618 0.4107273 20.89997 112.5093 5.462584 0 0 0 0 0 0 0 0
93 11.26913 -1.150221 1.969185 0.4466723 22.52296 109.7283 4.662686 -1.139687 1.96661 0.4792099 22.52296 109.7283 4.662686 -1.160755 1.971761 0.4141347 22.52296 109.7283 4.662686 0 0 0 0 0 0 0 0
94 11.37096 -1.158713 1.968455 0.4484599 22.70902 107.7959 3.066546 -1.14892 1.966763 0.4812857 22.70902 107.7959 3.066546 -1.168505 1.970148 0.4156342 22.70902 107.7959 3.066546 0 0 0 0 0 0 0 0
95 11.49634 -1.161629 1.969642 0.4466413 22.10962 107.4264 2.499813 -1.151905 1.968256 0.4795017 22.10962 107.4264 2.499813 -1.171353 1.971028 0.4137809 22.10962 107.4264 2.499813 0 0 0 0 0 0 0 0
96 11.59522 -1.157242 1.977301 0.4446859 17.8462 105.0906 1.256806 -1.148537 1.976585 0.4778524 17.8462 105.0906 1.256806 -1.165946 1.978017 0.4115195 17.8462 105.0906 1.256806 0 0 0 0 0 0 0 0
97 11.70374 -1.151979 1.980061 0.4432685 16.09037 102.9319 1.015217 -1.144469 1.979477 0.4767282 16.09037 102.9319 1.015217 -1.159489 1.980645 0.4098089 16.09037 102.9319 1.015217 0 0 0 0 0 0 0 0
98 11.80274 -1.14802 1.981471 0.436416 15.78739 104.1471 1.380549 -1.139858 1.980676 0.4697182 15.78739 104.1471 1.380549 -1.156183 1.982266 0.4031138 15.78739 104.1471 1.380549 0 0 0 0 0 0 0 0
99 11.91069 -1.146058 1.985628 0.4310176 13.81984 106.0336 1.487158 -1.136793 1.984764 0.4640282 13.81984 106.0336 1.487158 -1.155323 1.986492 0.3980071 13.81984 106.0336 1.487158 0 0 0 0 0 0 0 0
100 12.01393 -1.145259 1.989088 0.4291109 12.36571 108.1911 1.803567 -1.134777 1.988033 0.4617498 12.36571 108.1911 1.803567 -1.155741 1.990142 0.3964719 12.36571 108.1911 1.803567 0 0 0 0 0 0 0 0
101 12.11417 -1.1427 1.990315 0.427559 11.60503 112.3188 1.765474 -1.129878 1.98928 0.4593524 11.60503 112.3188 1.765474 -1.155521 1.99135 0.3957656 11.60503 112.3188 1.765474 0 0 0 0 0 0 0 0
102 12.21055 -1.13684 1.989233 0.4344014 12.12157 111.8462 2.034356 -1.124323 1.988042 0.4663105 12.12157 111.8462 2.034356 -1.149357 1.990423 0.4024922 12.12157 111.8462 2.034356 0 0 0 0 0 0 0 0
103 12.31644 -1.126586 1.98494 0.4492174 14.16833 105.368 1.358852 -1.117692 1.984152 0.4823316 14.16833 105.368 1.358852 -1.135481 1.985729 0.4161032 14.16833 105.368 1.358852 0 0 0 0 0 0 0 0
104 12.41292 -1.117474 1.971063 0.4698859 21.16853 91.6924 357.733 -1.115972 1.972328 0.5041268 21.16853 91.6924 357.733 -1.118976 1.969798 0.4356451 21.16853 91.6924 357.733 0 0 0 0 0 0 0 0
105 12.51457 -1.115227 1.962907 0.4839907 25.08377 83.33334 355.0734 -1.117954 1.965575 0.518075 25.08377 83.33334 355.0734 -1.112501 1.96024 0.4499064 25.08377 83.33334 355.0734 0 0 0 0 0 0 0 0
106 12.61535 -1.116299 1.960884 0.4917701 25.62058 80.70055 354.2766 -1.120354 1.963968 0.5256867 25.62058 80.70055 354.2766 -1.112244 1.9578 0.4578535 25.62058 80.70055 354.2766 0 0 0 0 0 0 0 0
107 12.67754 -1.114728 1.961739 0.4884315 25.33374 86.51338 355.0519 -1.115543 1.964413 0.5226145 25.33374 86.51338 355.0519 -1.113914 1.959065 0.4542485 25.33374 86.51338 355.0519 0 0 0 0 0 0 0 0
108 12.77284 -1.112417 1.963532 0.4792768 25.23644 96.61433 355.5937 -1.107362 1.965915 0.5131155 25.23644 96.61433 355.5937 -1.117472 1.961148 0.4454381 25.23644 96.61433 355.5937 0 0 0 0 0 0 0 0
109 12.83454 -1.11089 1.965154 0.4710656 24.74463 112.5545 356.8038 -1.097016 1.96689 0.5023832 24.74463 112.5545 356.8038 -1.124764 1.963417 0.439748 24.74463 112.5545 356.8038 0 0 0 0 0 0 0 0
110 12.94318 -1.119127 1.960072 0.4646197 24.71878 127.3162 356.8359 -1.097738 1.961792 0.4913748 24.71878 127.3162 356.8359 -1.140517 1.958353 0.4378646 24.71878 127.3162 356.8359 0 0 0 0 0 0 0 0
111 13.02118 -1.148826 1.958222 0.456515 25.23092 149.4266 358.5583 -1.119119 1.959002 0.4736377 25.23091 149.4266 358.5583 -1.178533 1.957441 0.4393922 25.23091 149.4266 358.5583 0 0 0 0 0 0 0 0
112 13.11416 -1.183837 1.96104 0.456128 23.64663 164.4423 357.444 -1.150665 1.962441 0.4647267 23.64663 164.4423 357.444 -1.217009 1.959638 0.4475294 23.64663 164.4423 357.444 0 0 0 0 0 0 0 0
113 13.19976 -1.22992 1.961933 0.4588393 23.09634 180.2385 357.8639 -1.195649 1.963109 0.4581952 23.09634 180.2385 357.8639 -1.264191 1.960757 0.4594835 23.09634 180.2385 357.8639 0 0 0 0 0 0 0 0
114 13.30156 -1.272089 1.966758 0.4621549 22.08939 190.3745 359.5844 -1.238371 1.966989 0.4558868 22.08939 190.3745 359.5844 -1.305808 1.966527 0.468423 22.08939 190.3745 359.5844 0 0 0 0 0 0 0 0
115 13.41195 -1.326443 1.970952 0.4659376 18.80846 201.5412 0.8861793 -1.294483 1.97045 0.4535053 18.80846 201.5412 0.8861793 -1.358404 1.971454 0.4783699 18.80846 201.5412 0.8861793 0 0 0 0 0 0 0 0
116 13.51981 -1.362712 1.988524 0.479811 9.021506 216.2173 3.402464 -1.334902 1.986513 0.4598398 9.021506 216.2173 3.402464 -1.390522 1.990534 0.4997822 9.021506 216.2173 3.402464 0 0 0 0 0 0 0 0
117 13.61446 -1.378086 2.014562 0.4996676 353.8889 234.9672 4.26914 -1.358675 2.012023 0.4715063 353.8889 234.9672 4.26914 -1.397497 2.017101 0.527829 353.8889 234.9672 4.26914 0 0 0 0 0 0 0 0
118 13.74422 -1.369773 2.023466 0.50068 348.4885 240.8829 3.598791 -1.353492 2.021356 0.4705671 348.4885 240.8829 3.598791 -1.386054 2.025575 0.5307928 348.4885 240.8829 3.598791 0 0 0 0 0 0 0 0
119 13.84099 -1.357328 2.02037 0.488977 349.3234 240.5965 4.396448 -1.340964 2.017786 0.4589466 349.3234 240.5965 4.396448 -1.373693 2.022953 0.5190073 349.3234 240.5965 4.396448 0 0 0 0 0 0 0 0
120 13.98637 -1.357172 2.006714 0.4692956 357.7318 238.7901 4.301424 -1.339537 2.004143 0.439992 357.7318 238.7901 4.301424 -1.374807 2.009284 0.4985991 357.7318 238.7901 4.301424 0 0 0 0 0 0 0 0
121 14.09844 -1.368433 1.991773 0.4402182 7.148322 235.3455 4.336102 -1.348721 1.9892 0.4122697 7.148322 235.3455 4.336102 -1.388145 1.994346 0.4681666 7.148322 235.3455 4.336102 0 0 0 0 0 0 0 0
122 14.24167 -1.361156 1.98402 0.3885306 10.99267 236.0928 4.567863 -1.341652 1.981339 0.360447 10.99267 236.0928 4.567863 -1.380661 1.986701 0.4166142 10.99267 236.0928 4.567863 0 0 0 0 0 0 0 0
123 14.35991 -1.306424 1.982098 0.327441 10.91807 242.1542 1.60633 -1.29025 1.981154 0.2972122 10.91807 242.1542 1.60633 -1.322599 1.983042 0.3576698 10.91807 242.1542 1.60633 0 0 0 0 0 0 0 0
124 14.49337 -1.23474 1.996139 0.2730887 1.954836 246.3472 0.5387428 -1.220971 1.995817 0.2416786 1.954836 246.3472 0.5387429 -1.24851 1.996461 0.3044989 1.954836 246.3472 0.5387429 0 0 0 0 0 0 0 0
125 14.61293 -1.176344 2.007633 0.2361284 358.6596 249.8979 0.4513609 -1.164562 2.007363 0.2039194 358.6596 249.8979 0.4513609 -1.188125 2.007903 0.2683373 358.6596 249.8979 0.4513609 0 0 0 0 0 0 0 0
126 14.76152 -1.167555 2.006816 0.2030221 358.3684 248.6935 3.927744 -1.155185 2.004467 0.17112 358.3684 248.6935 3.927744 -1.179926 2.009164 0.2349243 358.3684 248.6935 3.927744 0 0 0 0 0 0 0 0
127 14.89717 -1.202997 2.000859 0.1657726 358.7318 246.416 4.267864 -1.189364 1.998307 0.1344048 358.7318 246.416 4.267864 -1.216629 2.003411 0.1971405 358.7318 246.416 4.267864 0 0 0 0 0 0 0 0
128 15.06063 -1.278081 1.971342 0.1093031 12.01245 241.9762 5.350889 -1.26145 1.968214 0.07947196 12.01245 241.9762 5.350889 -1.294713 1.97447 0.1391343 12.01245 241.9762 5.350889 0 0 0 0 0 0 0 0
129 15.18437 -1.321006 1.9512 0.05702724 24.46516 240.3254 4.910773 -1.303033 1.948527 0.02793954 24.46516 240.3254 4.910773 -1.33898 1.953872 0.08611495 24.46516 240.3254 4.910773 0 0 0 0 0 0 0 0
130 15.35027 -1.311051 1.94185 -0.01152863 31.82325 235.0618 3.460296 -1.290551 1.940091 -0.03896799 31.82325 235.0618 3.460296 -1.331552 1.943609 0.01591073 31.82325 235.0618 3.460296 0 0 0 0 0 0 0 0
131 15.47901 -1.276095 1.931927 -0.06070218 35.92123 227.8154 1.857213 -1.252593 1.931027 -0.08566456 35.92123 227.8154 1.857213 -1.299597 1.932827 -0.0357398 35.92123 227.8154 1.857213 0 0 0 0 0 0 0 0
132 15.64568 -1.225092 1.915777 -0.09481829 41.78802 207.0868 358.3933 -1.194861 1.916494 -0.1109995 41.78802 207.0868 358.3933 -1.255324 1.91506 -0.07863706 41.78802 207.0868 358.3933 0 0 0 0 0 0 0 0
133 15.77001 -1.203647 1.908658 -0.07402594 44.15488 198.9657 357.9711 -1.171507 1.909529 -0.08596551 44.15488 198.9657 357.9711 -1.235787 1.907787 -0.06208636 44.15488 198.9657 357.9711 0 0 0 0 0 0 0 0
134 15.93668 -1.208893 1.908016 -0.01881065 43.96627 197.2276 2.505232 -1.175858 1.906937 -0.02796458 43.96627 197.2276 2.505232 -1.241928 1.909095 -0.00965672 43.96627 197.2276 2.505232 0 0 0 0 0 0 0 0
135 16.07237 -1.217625 1.882477 0.03015773 48.97717 189.8783 5.80056 -1.183561 1.880202 0.02688034 48.97717 189.8783 5.80056 -1.25169 1.884752 0.03343512 48.97717 189.8783 5.80056 0 0 0 0 0 0 0 0
136 16.23099 -1.201565 1.87186 0.05993779 51.95095 171.1957 359.7195 -1.167652 1.871963 0.06505655 51.95095 171.1957 359.7195 -1.235477 1.871756 0.05481903 51.95095 171.1957 359.7195 0 0 0 0 0 0 0 0
137 16.33304 -1.151979 1.876786 0.09179041 50.65311 165.6892 0.3083375 -1.118782 1.876669 0.1004062 50.65311 165.6892 0.3083375 -1.185176 1.876903 0.08317459 50.65311 165.6892 0.3083375 0 0 0 0 0 0 0 0
138 16.47805 -1.051145 1.873489 0.1546078 50.12299 162.9001 359.7189 -1.018327 1.873597 0.164569 50.12299 162.9001 359.7189 -1.083964 1.873381 0.1446467 50.12299 162.9001 359.7189 0 0 0 0 0 0 0 0
139 16.57878 -0.914198 1.868137 0.2454362 53.64341 154.7344 1.820547 -0.883572 1.867491 0.2608608 53.64341 154.7344 1.820547 -0.9448241 1.868783 0.2300115 53.64341 154.7344 1.820547 0 0 0 0 0 0 0 0
140 16.72259 -0.852984 1.872772 0.2917742 55.76521 147.6197 359.1964 -0.8238096 1.873043 0.3098039 55.76521 147.6197 359.1964 -0.8821585 1.872502 0.2737445 55.76521 147.6197 359.1964 0 0 0 0 0 0 0 0
141 16.83204 -0.8310673 1.88125 0.2871273 53.07637 149.3183 4.2699 -0.8026948 1.879716 0.3063352 53.07637 149.3183 4.2699 -0.8594397 1.882784 0.2679195 53.07637 149.3183 4.2699 0 0 0 0 0 0 0 0
142 16.98532 -0.8465184 1.890002 0.2453495 50.05809 163.293 6.210834 -0.8146797 1.88762 0.2578759 50.05809 163.293 6.210834 -0.8783571 1.892385 0.232823 50.05809 163.293 6.210834 0 0 0 0 0 0 0 0
143 17.08825 -0.8428183 1.893585 0.2221669 48.15822 172.8028 8.089413 -0.8095804 1.890366 0.2299882 48.15822 172.8028 8.089413 -0.8760561 1.896805 0.2143456 48.15822 172.8028 8.089413 0 0 0 0 0 0 0 0
144 17.23 -0.796975 1.901285 0.2395708 44.73645 169.389 6.079202 -0.7639247 1.898704 0.2483636 44.73645 169.389 6.079202 -0.8300253 1.903865 0.2307781 44.73645 169.389 6.079202 0 0 0 0 0 0 0 0
145 17.32717 -0.7108465 1.911605 0.2724067 39.85741 164.7896 3.358057 -0.6781455 1.910063 0.282632 39.85741 164.7896 3.358057 -0.7435476 1.913147 0.2621814 39.85741 164.7896 3.358057 0 0 0 0 0 0 0 0
146 17.46753 -0.6290993 1.92744 0.3076358 33.64006 157.2609 0.3060881 -0.5975077 1.927288 0.3209862 33.64006 157.2609 0.3060881 -0.660691 1.927593 0.2942853 33.64006 157.2609 0.3060881 0 0 0 0 0 0 0 0
147 17.57263 -0.577557 1.958008 0.3387196 22.02957 154.7835 2.838192 -0.5468377 1.956434 0.3538899 22.02957 154.7835 2.838192 -0.6082763 1.959583 0.3235493 22.02957 154.7835 2.838192 0 0 0 0 0 0 0 0
148 17.69606 -0.5548555 1.985754 0.358387 9.384244 146.8734 7.497398 -0.5267772 1.981339 0.3775809 9.384244 146.8734 7.497398 -0.5829338 1.99017 0.3391931 9.384244 146.8734 7.497398 0 0 0 0 0 0 0 0
149 17.80925 -0.5584173 2.002601 0.3473846 1.384276 143.4708 4.666486 -0.5309892 1.999811 0.3677858 1.384276 143.4708 4.666486 -0.5858454 2.00539 0.3269834 1.384276 143.4708 4.666486 0 0 0 0 0 0 0 0
150 17.9321 -0.5708039 2.008915 0.318505 357.9387 144.7993 3.530135 -0.5427878 2.006805 0.3381758 357.9387 144.7993 3.530135 -0.5988199 2.011026 0.2988343 357.9387 144.7993 3.530135 0 0 0 0 0 0 0 0
151 18.06759 -0.5778564 2.023679 0.2911662 348.4527 146.0016 2.760424 -0.5492704 2.022061 0.3100477 348.4527 146.0016 2.760424 -0.6064425 2.025298 0.2722846 348.4527 146.0016 2.760424 0 0 0 0 0 0 0 0
152 18.18811 -0.5919772 2.028905 0.2689166 343.185 149.9235 1.897392 -0.5621496 2.027818 0.2858111 343.185 149.9235 1.897392 -0.6218048 2.029992 0.2520221 343.185 149.9235 1.897392 0 0 0 0 0 0 0 0
153 18.34252 -0.6044713 2.019037 0.2392881 345.9687 151.3865 2.176325 -0.5742334 2.017773 0.2554238 345.9687 151.3865 2.176325 -0.6347092 2.0203 0.2231523 345.9687 151.3865 2.176325 0 0 0 0 0 0 0 0
154 18.46746 -0.6119019 2.001619 0.2061064 357.3793 158.8588 1.863386 -0.5799118 2.000505 0.2184221 357.3793 158.8588 1.863386 -0.6438921 2.002733 0.1937906 357.3793 158.8588 1.863386 0 0 0 0 0 0 0 0
155 18.63413 -0.588923 1.968278 0.1668138 17.23599 164.9419 5.610285 -0.5562204 1.965075 0.1766408 17.23599 164.9419 5.610285 -0.6216257 1.97148 0.1569867 17.23599 164.9419 5.610285 0 0 0 0 0 0 0 0
156 18.75728 -0.5312376 1.966726 0.1558691 19.17722 159.4595 4.155237 -0.4994918 1.964379 0.1686357 19.17722 159.4595 4.155237 -0.5629834 1.969073 0.1431025 19.17722 159.4595 4.155237 0 0 0 0 0 0 0 0
157 18.9224 -0.4201834 1.957034 0.178976 20.85941 139.7291 358.6958 -0.3938419 1.957763 0.2009279 20.85941 139.7291 358.6958 -0.4465249 1.956304 0.1570241 20.85941 139.7291 358.6958 0 0 0 0 0 0 0 0
158 19.05529 -0.3483464 1.95695 0.2252466 21.26971 110.2447 355.25 -0.3355526 1.959597 0.2569579 21.26971 110.2447 355.25 -0.3611401 1.954304 0.1935353 21.26971 110.2447 355.25 0 0 0 0 0 0 0 0
159 19.21405 -0.3229112 1.963383 0.2357002 22.02539 101.336 358.5115 -0.3158444 1.964209 0.2692512 22.02539 101.336 358.5115 -0.329978 1.962557 0.2021492 22.02539 101.336 358.5115 0 0 0 0 0 0 0 0
160 19.32968 -0.3207721 1.96547 0.2156015 22.8597 108.6628 358.7289 -0.3095198 1.966171 0.2479926 22.8597 108.6628 358.7289 -0.3320244 1.964769 0.1832104 22.8597 108.6628 358.7289 0 0 0 0 0 0 0 0
161 19.48714 -0.354997 1.975608 0.1639629 16.61858 147.0805 1.80823 -0.3263893 1.974571 0.1828525 16.61858 147.0805 1.80823 -0.3836046 1.976645 0.1450732 16.61858 147.0805 1.80823 0 0 0 0 0 0 0 0
162 19.6097 -0.3986877 1.989262 0.1345289 10.29788 177.4998 2.457214 -0.3644662 1.987816 0.1362862 10.29788 177.4998 2.457214 -0.4329092 1.990709 0.1327715 10.29788 177.4998 2.457214 0 0 0 0 0 0 0 0
163 19.7528 -0.4088263 1.993258 0.1143004 7.570766 182.0117 1.656579 -0.3745601 1.992275 0.1132274 7.570766 182.0117 1.656579 -0.4430925 1.99424 0.1153733 7.570766 182.0117 1.656579 0 0 0 0 0 0 0 0
164 19.87011 -0.4179062 1.990059 0.09012172 7.102143 183.4349 2.632183 -0.3836951 1.988496 0.08826339 7.102141 183.4349 2.632182 -0.4521172 1.991622 0.09198005 7.102141 183.4349 2.632182 0 0 0 0 0 0 0 0
165 20.00354 -0.4105103 1.994508 0.05958139 5.250624 181.1157 2.606586 -0.3762524 1.992955 0.059057 5.250624 181.1157 2.606586 -0.4447682 1.996062 0.06010577 5.250624 181.1157 2.606586 0 0 0 0 0 0 0 0
166 20.12535 -0.3703134 1.999725 0.03157108 2.642403 177.9539 1.25095 -0.3360476 1.998977 0.03282983 2.642403 177.9539 1.25095 -0.4045793 2.000473 0.03031233 2.642403 177.9539 1.25095 0 0 0 0 0 0 0 0
167 20.25517 -0.3248983 2.002772 0.01434389 1.471626 180.3624 359.3803 -0.290604 2.003143 0.01411742 1.471626 180.3624 359.3803 -0.3591926 2.002401 0.01457036 1.471626 180.3624 359.3803 0 0 0 0 0 0 0 0
168 20.37703 -0.2948744 2.00213 0.008127844 359.2222 186.0081 357.6983 -0.2607913 2.003507 0.004559516 359.2222 186.0081 357.6983 -0.3289576 2.000752 0.01169617 359.2222 186.0081 357.6983 0 0 0 0 0 0 0 0
169 20.52885 -0.3069502 2.008195 0.01668992 356.7751 213.7264 0.5279173 -0.2784365 2.00788 -0.002366733 356.7751 213.7264 0.5279173 -0.335464 2.008511 0.03574657 356.7751 213.7264 0.5279173 0 0 0 0 0 0 0 0
